35542
35548
73394
50212
36324
19398
55619
73393
82441
61173
36600
43877
27371
46138
82998
82229
56126
98646
97150
97157
97156
25281
16708
55838
97336
97335
12018
88025
26390
26393
17251
52462
52463
64678
95797
95796
80279
65505
45400
21617
69424
84128
64450
26020
69177
69179
42088
85617
44246
49309
92093
46861
24081
58070
94154
3513
75054
90319
2686
71284
71534
71821
71532
38646
68287
62882
92
62889
14680
13058
36150
70484
13054
18707
71885
71753
78667
33508
41564
62082
20259
20252
29381
44427
40965
29819
29816
29812
29810
1172
23055
23057
23051
97939
83764
31236
29102
7186
72256
72702
79848
82059
12837
65880
15287
34553
42662
35934
55629
10887
10880
10881
52818
88700
31915
26568
82220
92083
65268
69395
77025
31908
31909
2301
27722
93681
11285
32229
17622
98109
3747
75280
13535
80891
94305
94304
43683
16392
16397
93354
93357
97459
20737
52104
20889
64025
76533
49176
46305
49174
45652
45650
45309
48558
23421
20084
45873
45302
57085
19277
10397
16934
16931
78306
44655
44657
6214
6212
42154
54411
70836
41179
72324
15704
40884
10577
37303
78474
78471
80591
30629
67594
37078
83280
59957
59956
26819
40081
86424
37166
58681
36078
41687
29594
29595
40558
50085
47682
7889
1545
695
14472
34302
76162
13845
51033
73663
72393
85992
91219
5716
91216
91214
91215
35211
47026
47027
23264
96081
23260
54220
89392
47029
82423
68585
25044
74030
6779
27395
39016
39010
73440
90792
96621
51829
65690
16720
98599
63046
9500
65521
83207
55206
49547
83202
84104
44039
64926
42811
49894
49321
85915
68110
68116
75079
38560
53755
53757
53759
70131
58237
54997
14647
64901
71516
78394
58238
80112
13079
30433
87294
54199
54197
91049
27801
69520
91042
67166
40765
72099
30290
29127
77913
39576
25897
71775
31749
31213
88545
79514
72278
76208
34534
50472
89499
68528
88720
61781
88725
65067
65065
65062
26547
13981
75052
23385
28651
23389
66785
66780
22033
75515
61257
77009
94159
35669
43339
43440
31960
13674
4744
55640
55314
19764
93111
5862
17359
56661
17607
52341
98125
2185
13518
15436
83396
15342
51128
81385
52168
64550
86862
52161
52692
60789
52695
60079
36368
60076
80166
80164
14623
46678
42319
6184
5933
49152
49157
87352
87356
9193
93806
42176
10562
16916
10828
6235
70360
63525
29350
9773
71180
37368
71183
21403
810
84711
26835
77876
71981
71987
80835
57132
1700
5262
68632
4571
34347
91612
37182
67313
37987
11135
24575
54039
37988
62124
58553
3022
28404
34983
34327
91183
8734
34324
59979
13864
66958
5679
91233
91985
66044
30638
35276
23248
23249
50332
23710
47003
30977
8191
8194
87928
8198
87924
48851
92187
71754
72516
55788
78664
78924
98604
6750
73933
92761
35580
9947
92987
9948
39032
51802
16211
32729
51809
32058
88063
88061
42786
56782
81174
81175
69201
21657
9376
64495
2532
64943
57258
58031
46538
17164
38816
84386
52571
70115
70116
70117
70113
10748
36800
53775
33093
61559
1752
73196
85653
44428
44751
44202
44201
68796
68795
59783
20298
59788
48070
57926
9387
39633
791
9383
78766
40922
40924
72075
68863
72070
26338
42976
15134
80521
7144
39555
81447
78115
8505
34517
34048
92514
95231
95239
31492
50329
50323
18281
66543
61011
26520
16984
28894
1929
77793
77791
89215
11241
11242
65046
32915
51492
16027
56316
56645
52365
25363
61276
65953
65950
65951
51144
69013
86841
60054
69016
36343
25506
80639
72252
16682
4888
4889
10356
4881
4882
2700
4886
93824
39821
42192
52145
52142
6252
12260
53540
53543
70306
15285
88564
37349
8881
18976
21465
41317
44566
44565
44563
86466
40041
71967
80850
68651
1729
13134
52993
78565
52047
33973
33970
28469
58579
54019
3008
91437
48482
95448
62100
1584
38012
9106
66687
31530
37231
59197
67880
83173
83174
67889
23731
72680
16982
51790
15305
30953
35075
95396
50849
3914
36719
74076
68498
82283
6733
6737
56411
98622
35250
89338
39052
92700
216
55502
32706
19264
16766
32709
12074
6081
69220
20819
81489
43817
43764
25778
43810
51278
46738
49501
24822
98088
75308
3648
81731
2554
43105
98887
46880
82459
38832
62828
17140
17411
90621
60477
25192
70177
13309
4417
60423
4411
80285
36287
80289
14829
64215
45287
83081
36138
36139
80463
80462
44775
27591
84505
41058
70355
59769
48011
40900
29255
43869
57902
11815
37085
33707
18504
18507
78355
78353
78350
71550
72058
34286
15156
15158
79082
76792
39533
39535
59506
502
78689
78170
78171
88500
8072
88504
12893
26644
1216
39283
86612
66218
638
68516
47909
47908
1116
47907
23131
77266
6789
91371
79220
428
28615
92397
73013
43375
4785
4780
19014
89278
32936
5822
93629
5826
89270
32938
11264
61070
87884
8262
65028
56621
64771
64773
25343
51160
51167
74792
19708
23964
82618
65970
64513
69076
74246
42424
17898
17310
12799
17315
72848
9157
9156
9150
70093
16400
63743
12244
6278
79361
18050
46944
21330
80581
63562
852
22975
36065
41996
94034
44549
80877
44547
40064
14148
14145
14146
14143
41193
37595
68675
90161
70896
78543
78544
14369
33912
58593
18334
91141
19566
55073
66664
66915
89049
66913
47591
85931
96283
83192
23752
23202
1300
23757
1309
29456
48819
59249
15368
20881
12405
35010
35017
50828
92492
92145
81726
19460
3933
32542
6719
88313
56437
34937
19209
19201
32092
32764
22153
22408
69246
81138
77457
10123
82803
82802
46718
3662
49073
46711
21835
73202
90422
91311
90428
93457
93454
96132
21863
17434
98202
5038
97514
97519
97518
98209
13320
13322
38851
52534
60408
36734
70156
90494
64937
47547
85343
48651
27111
62376
62373
62371
4151
48382
81983
49384
46571
85695
48033
27866
69534
45009
83690
53661
95609
11877
18529
35990
18831
18830
37062
87379
15179
59528
30588
39519
66302
18783
33584
67275
28039
83030
34004
50361
29988
95271
40652
14777
24253
1469
72036
94898
4238
28631
72014
28635
89787
28017
76262
43622
76266
91354
91601
50585
35606
319
31980
95854
92807
77677
92801
89257
89527
89526
66493
43352
89258
32954
69588
64759
64751
64750
69584
69587
55989
51183
51180
65912
6218
51985
55950
74516
54982
19643
10917
56605
5906
17330
7926
71297
7295
53059
10313
53052
39
16424
93014
6297
81671
81670
69051
53278
53279
37471
46969
21313
75179
56975
79843
873
4598
4840
4843
21426
44528
71927
3910
80895
57691
5200
79592
14167
54584
62498
72905
36072
90180
33937
14346
33935
14344
33240
33930
62636
3048
21428
94409
3047
87048
20371
27412
45924
40004
67042
67043
1094
85916
66645
41716
15698
57510
6393
29510
45684
47715
28931
28935
12422
6904
8687
82133
48835
74857
7731
35033
32569
55099
55096
78943
32566
48994
41576
35292
39092
73993
39091
24445
50117
66028
82791
61555
65615
94555
55547
65612
22421
22426
81118
77438
43726
86326
26331
69267
3605
82861
75349
60396
94249
94246
94244
60399
11438
32743
19220
38876
38875
17103
98228
38872
17108
52519
98227
4453
60172
13341
13349
958
74160
74163
74162
952
36240
24865
80795
80794
80245
87212
87215
41277
84097
44439
95593
95594
42899
12167
27889
41011
29217
10106
10101
21766
21763
63155
1145
54919
37043
8901
37046
54910
65930
30219
59096
73973
44194
26934
83133
49901
59557
1663
67702
2829
35996
69924
71488
2823
28032
58416
58418
5419
72018
72017
68881
79046
79041
1406
1404
77887
4210
77221
35198
18042
68060
5576
1541
91620
38266
35375
35374
95833
73507
11222
87845
87847
87848
25907
25651
25302
29112
23430
40510
82300
82657
82659
92822
74281
72244
32358
32355
42857
16994
9447
9444
16999
65427
65420
16440
16446
33143
69702
81877
81875
81306
85558
54312
75624
3415
75621
3411
21370
21371
75159
46905
79861
56959
94054
53074
13488
8024
4860
30141
1937
17712
20683
54700
92253
54709
71011
91100
45903
27431
30682
44056
44055
40023
68944
68945
47557
12993
29532
78056
29024
78593
59289
65079
15416
6926
8117
6922
86771
92458
92103
50759
66627
68468
88350
67932
96080
28951
47087
47080
28772
47089
22443
22445
61576
69932
13717
3972
55700
55701
19427
19429
93271
52286
97083
98791
81792
73241
60374
73243
56221
60373
57702
71529
16299
96170
96171
93417
96175
52065
13368
90683
13364
13365
4477
13367
85300
74140
80227
82510
82841
24847
24844
46751
45598
41251
41257
36194
16870
16878
6316
42612
90024
45042
45041
90028
29237
10122
29231
33013
71244
78334
71242
62845
25737
25045
78194
78197
80914
26912
26917
86540
49969
77036
80438
38467
29949
40617
571
29943
18297
68575
68572
68570
3363
30271
79069
67450
94853
79062
34228
79064
13962
13963
4271
4270
4279
89747
72926
38244
38246
91649
59435
26919
15574
31321
23630
93641
23632
15065
61760
87793
30890
87796
27744
48976
73743
22326
25679
45052
25673
25671
25676
23989
23985
82675
7504
355
73523
73526
39118
9888
74550
74559
61186
32333
34442
98494
69544
69899
10954
64862
5066
63721
61989
43064
43061
69092
69763
26166
4636
49752
46257
46252
21356
49207
63583
94465
42912
22913
4096
2784
41938
94031
56933
57041
10606
11600
57046
90232
10608
58646
58860
58861
14126
68388
27985
17736
62457
3221
27989
9797
41980
36521
5730
62184
62185
33204
54095
20403
62670
20408
91124
94445
71659
87474
76382
54849
85950
37902
68967
45197
85955
70925
41758
70922
59114
15655
29551
7087
62618
91104
39324
20721
6942
26768
95313
26766
47575
47572
66357
34786
77384
4393
1365
28979
28973
3199
61518
22468
61511
61517
4027
81400
4021
26377
26373
26370
89176
93251
89171
93788
3998
3997
32834
19156
19400
56238
73268
43186
60352
96151
96157
57720
27174
65659
86986
52008
56052
69379
36204
80758
74120
74122
74125
75830
75833
46007
42584
46004
64298
64295
7860
95554
39925
95551
39920
85189
16815
6379
97200
69812
10141
70249
90002
10418
63116
40980
40982
9324
33072
8940
8944
8947
21727
85671
45645
84055
86563
40189
49947
58189
3204
84581
84588
45061
59858
86693
2869
550
24238
33697
14241
54378
76714
76713
3344
34200
30523
30522
31698
13941
31696
31690
4254
87619
67217
83721
83052
67747
67219
66168
51474
47323
51479
15041
6571
74404
73724
25942
29619
25946
76975
76976
72419
7520
35841
92318
92316
96529
55936
55246
96520
74821
96527
88639
52899
10972
70827
64842
26491
26497
46491
46495
65462
75446
75441
77627
26147
26149
7716
11592
93536
43510
42930
56915
41918
70012
2054
4827
13446
13441
33199
58663
58841
81965
64334
81967
72910
20642
36014
13195
80565
85040
85519
21419
62656
84649
90948
20462
34941
95764
83919
64685
67023
18444
64687
71634
71639
41775
76363
70902
59138
802
59132
59134
7061
60095
86846
33225
54740
78015
33229
15906
6963
79639
6967
15458
34413
79635
92413
40796
26702
26703
86732
50714
47511
43970
40278
88825
40426
40429
66089
41541
28228
419
69972
69100
15883
96314
51590
91508
69109
35456
51624
19285
23865
23862
23863
25136
25130
25139
81282
74457
25424
56353
46069
80772
82881
39900
2424
53199
32107
80484
32103
95573
95574
61826
6357
61825
85026
6350
26350
29294
52020
52021
70229
10169
9347
95689
70223
90060
57309
84076
75272
53145
14881
84078
14886
14887
48309
44689
44688
40162
85708
47235
14086
83146
84254
2161
3227
96886
68751
70734
70733
45087
45080
71175
44351
2844
44355
44354
2840
3321
3325
5478
45887
76775
38756
76779
30508
30502
34881
18166
78731
34083
34081
34085
1559
29900
29903
67768
96351
67761
47306
47304
47303
47301
66140
65377
76197
15022
15025
31104
31107
39482
39485
74738
74731
8451
1973
39156
76174
92338
50051
50055
50054
32669
51908
76207
51907
19340
19342
6160
65191
6165
88612
60811
32325
84811
84195
56686
4388
25632
65337
65334
46472
88549
75462
31814
31812
43539
96051
96050
88170
43022
75642
98543
75648
41976
41979
70039
70033
4515
85282
85284
11640
9422
9424
92248
52765
3319
17778
81946
20662
51669
51884
14671
42951
80548
80014
85061
20447
20914
20911
20910
84623
29081
83939
63094
95748
33420
33424
54507
11916
23858
15613
15610
30196
76690
51325
7047
53410
70961
53418
37747
37212
30999
6987
6985
39361
21161
66315
66317
2982
24371
47532
47533
1011
68259
67953
77340
50191
11004
48392
38143
79612
72644
73118
73114
11344
11346
32874
96334
89135
88842
91522
51384
81310
81311
27136
46937
25404
69332
20902
43942
32294
16584
32290
74933
49210
21891
10839
45596
95517
83751
90591
75636
24761
64126
75635
64121
26262
64128
56090
90865
85490
9368
37511
49185
49634
56895
1839
3791
3792
4986
45247
90325
58148
14064
49455
94607
94605
94603
36975
70202
70751
90732
36971
70758
59815
94047
71409
41921
58498
1484
58493
5496
94043
76758
20058
48585
20057
40144
78753
78757
85879
47605
44375
2794
47671
626
66122
66123
23120
8292
8297
6531
72183
30388
25988
73853
59366
41849
59700
19766
24480
3879
72454
55469
72451
91952
79408
55463
72458
44804
66435
24584
24583
95064
96434
50527
88184
32600
88188
52962
84834
22297
22523
60876
69838
4161
69525
69524
26452
96295
24635
98384
73325
29987
22741
8644
43555
69780
69786
93008
5931
74868
5938
17573
97658
60258
17577
97653
4577
90921
46453
45187
20602
52784
62924
62920
72311
74312
85009
42208
42979
46239
42207
20933
48468
48462
41400
83951
44581
58802
33407
11935
18405
12914
12916
9005
81164
53434
37237
24038
37728
84604
84351
48163
83372
91943
7790
7797
58775
66334
24357
66330
76320
68278
26915
68272
67426
67420
4374
38129
15495
15496
79368
79369
8666
91724
72663
91093
77495
77496
89110
66590
89117
66847
32859
51556
19131
61313
61642
61643
35496
35492
47114
85446
11493
11494
65814
82774
8082
82778
43966
42564
74418
55694
42567
80738
80736
42568
12679
12675
98718
47131
92011
53159
67232
57695
57696
57123
57120
53154
65760
16305
19866
2394
60195
86293
26245
26248
48209
41741
21211
21213
37532
45517
79969
72305
4964
14047
39270
80991
3264
58160
94628
94629
36912
36916
53840
70770
14957
54644
71422
71133
71132
18211
18213
38710
62778
5045
44171
40121
83565
87676
15794
76737
83743
59697
40876
40872
79794
23109
38571
79791
47611
13960
59342
15577
8277
469
87714
77861
78779
31634
6635
78829
55449
88473
91979
79428
78825
8410
8417
35827
35826
44827
50547
44829
66106
66109
69357
33081
52944
18129
86049
86048
60850
3853
96275
96274
33089
96272
82908
98368
22769
82907
93522
35530
8261
79243
77686
77681
73301
73302
89300
95329
19303
24153
55994
19659
93026
98509
38480
38485
13426
4554
13423
57591
69105
27904
25234
85021
85022
16790
80058
24166
20951
7343
95709
21051
10020
21687
62906
84192
12333
29088
7000
10246
10247
33288
84371
743
83351
67192
24330
24335
24334
2942
47863
1053
58754
58753
30154
4313
40483
37870
2376
18028
91704
81597
62011
62018
59794
8642
8641
50488
35708
50487
50951
23594
47280
86402
5749
67994
25828
66715
74651
47130
61598
82023
73154
73157
39271
74437
74435
74434
16549
42501
16091
97025
12657
97021
10878
69489
10873
61503
52885
16891
63992
19842
19840
96737
19518
61841
20321
61847
61849
21050
21055
52080
97284
43903
43902
86907
26227
46371
77175
63196
1875
98193
4945
45573
41858
4943
4942
57106
57102
83153
81046
90551
54481
14027
14024
58109
6045
17057
5109
3284
68043
54035
90080
36939
36930
90773
2623
33345
20012
20016
38730
94704
83504
83509
93262
40100
47457
41679
6869
87695
15777
6867
91451
71449
40817
76464
76463
1263
664
76468
72142
59418
15513
59417
8786
31613
29692
78792
98011
72369
8435
8436
72365
79444
79447
60710
9821
33810
9829
86128
86122
66479
89890
47639
22566
87996
76231
61125
92181
24676
57361
13868
32421
28120
98348
93422
89320
27097
27092
51744
51212
19675
51742
34779
52432
56770
90968
88165
65625
16048
24928
65352
65353
46148
24922
46415
45499
69121
69895
64409
70421
42711
64860
97613
6057
97349
70182
2638
70637
10009
20018
9221
54877
84175
89486
52013
58176
78095
66227
21558
68457
75000
37270
37271
49806
47229
68180
57892
84314
84317
2963
44451
29867
29863
40713
765
71586
71582
47840
66042
47846
13006
16041
78637
78631
4338
4336
77987
54120
37858
14588
89666
27524
72804
72805
20202
17854
38079
67605
66806
31401
51517
52821
5767
23574
59065
61600
61606
91589
91584
67469
25806
74631
15325
23313
47156
82002
12516
35726
39259
77188
92233
15778
93189
93184
52253
62
12636
42522
88759
71847
88209
10855
56564
98752
98755
85532
60955
92052
96752
96753
63603
32181
63971
65729
85535
12182
43387
43438
2352
2357
69604
46353
46351
21964
49127
17691
17694
17697
75764
56389
3732
2137
81063
4694
4924
41873
4698
41875
57161
93982
53117
57168
43652
14008
5161
5163
97401
54468
4801
58127
14002
14006
36404
36401
72512
9695
33325
48294
87326
48292
36665
83525
39899
80337
57045
44607
41650
11602
1794
70846
6848
6849
59658
95132
40386
95134
29322
33634
33635
6595
59383
94981
11057
76443
95054
95055
39404
95059
9942
31671
86496
7636
81012
47432
37134
92767
55305
88439
34118
34119
34111
51335
79334
40522
89700
67810
73939
72812
59670
72811
645
23149
648
56474
29697
22541
22234
77537
52358
72346
72345
39685
55403
91248
55401
92911
73342
92914
73347
56176
38912
35574
89349
93068
96587
5958
93065
11536
88695
8985
56716
25012
46160
51954
97185
98329
27347
94361
64398
25273
64463
69142
23934
42265
6033
6030
84664
9209
75396
12376
33133
39371
84156
10286
18606
10283
53491
49820
21572
21574
49825
49829
42848
46838
75023
98811
17482
41469
48194
40739
86797
86793
40736
58718
58248
64016
64541
30447
30445
30440
31799
31249
31241
31245
17876
11088
60049
28794
87156
27500
20227
91036
20229
62057
67665
89421
66284
66288
51539
38054
29157
87495
67484
25861
25866
25867
47171
47172
87542
34561
34562
72755
72750
84591
88598
74290
31423
31422
50914
39236
16054
19731
19733
74274
88771
22683
12613
12612
22688
92070
52842
52843
24735
24734
24730
85953
61883
19882
19554
22060
22064
75567
69620
86941
25489
3717
49103
46333
46620
76867
79900
75709
79904
17672
96331
56813
17671
60288
13566
13567
81084
60285
4672
96770
6133
32311
63958
62530
62534
5147
73145
5142
60757
81884
17010
60029
53398
80682
80681
28572
35758
48504
48506
62289
20501
20504
34827
83818
7249
42102
93818
15886
59678
15889
75916
57852
95153
29305
8811
37331
59904
97888
8216
44081
96478
95039
31652
37159
68371
47419
47415
72604
67837
67343
34176
86161
40508
92682
40500
11146
11143
14420
14428
38085
72105
76132
82726
77556
55372
13819
13812
32399
96212
34680
91266
38334
91268
14846
35221
73416
35229
89364
11555
51256
55287
43881
43882
86758
43886
27364
75954
75951
85082
19947
19944
32021
269
88011
56738
97306
52472
37426
9264
36853
36851
36856
984
49591
11943
63033
37422
12398
84138
12395
85655
81742
45102
45101
85624
21598
824
3508
3509
75045
68416
98876
2671
90300
822
2929
10763
5335
58264
5338
18591
14637
30464
23625
76637
30469
83480
83484
70490
33515
37811
33845
18044
37816
18738
94537
3170
20243
87177
29797
29828
69123
1166
47995
47993
23534
89195
73731
73730
80844
47196
47195
47190
8553
57925
34547
87567
8005
88576
8002
27197
92271
57920
39219
67148
7468
34336
35945
32239
84916
88711
88713
22660
60917
26575
26573
66772
75544
61204
22462
71579
22003
43475
43477
81534
81243
69394
13735
5857
74494
5858
5859
3777
17651
45542
4688
41835
81078
81336
4658
90538
43694
2108
96799
11761
96793
52640
52646
62516
93256
6055
60005
36449
49165
85436
80114
45665
45848
42129
6203
42124
42125
42127
7511
26992
15860
95176
10561
10567
95172
29367
70807
21434
78444
20796
78448
79756
21439
3013
8834
8836
54397
67586
30637
7678
84478
1756
68600
34999
29581
29580
67365
24520
71794
40562
50090
1284
58520
47695
14407
76157
681
50893
66988
28186
8495
72387
73473
11576
11570
51275
25724
39240
46128
82980
82986
82236
73380
39003
69556
55804
32003
22497
97323
98585
12008
12007
64601
26387
64602
81180
63056
9536
57405
64606
65514
46785
49574
49575
98859
84119
47252
90493
16494
81768
26030
69183
81980
46878
3523
49312
58064
38518
90670
53721
70121
70120
70650
54981
14872
71525
78384
62896
58207
30407
13068
44256
44250
83469
33533
70767
33537
18719
18714
18717
94553
79386
38189
62094
91079
62093
17837
87110
87115
40952
44437
29777
29805
1140
68832
85323
59553
39584
39586
66523
47074
7198
7192
31756
7197
31753
72246
72712
79525
72718
76219
79528
767
29860
12825
34522
88555
44927
7447
6405
95201
70857
82412
88733
55320
65076
24317
82416
22644
4280
13990
77292
6873
74925
24773
66790
24777
61229
61221
77037
77035
77030
40821
4755
43450
55634
5876
19774
11293
3758
98112
3756
4639
51130
20893
165
36319
74218
42324
42322
49141
45869
48541
2738
45867
9186
83857
80397
16908
80390
80393
97462
90111
40897
57899
40898
95191
6400
37378
62799
8857
14138
67568
59946
71994
40095
53600
68629
84496
84497
84494
25253
73929
40540
40544
58672
18366
37992
79579
17996
11108
62136
1554
58541
14460
3030
30612
8705
19747
94967
23196
5606
5600
66965
45948
64792
81515
25257
35592
94341
93599
58984
12455
82439
39390
74022
25701
72500
97120
98615
88935
39020
73902
73456
73457
56113
9978
96612
63592
57241
65681
51830
88057
81169
81160
86564
75886
49080
65531
64959
43821
43150
81701
64955
64486
64484
61602
85669
46502
52563
75087
22824
72193
94108
38572
27669
57426
10771
53746
9513
70100
36810
18888
14679
14678
18554
58475
62307
87281
44231
44238
44239
84533
18772
33880
84587
94575
59799
39625
67171
57933
83628
1528
29289
58180
1129
68819
1125
1126
67237
59577
15106
48544
77771
39567
39561
78103
31778
89950
89951
55007
34052
85781
67797
67794
12842
67798
26563
35905
44902
24289
23060
24281
66555
22625
26535
26538
24755
554
75509
61240
61241
75506
81573
69681
69687
69685
73022
14710
96421
55300
51486
32275
5813
19023
53512
25392
13502
93362
65237
82379
27228
77187
60047
69024
86875
64542
64015
81390
60040
52172
64019
52171
148
36371
25578
80625
85475
3342
90280
70599
45626
45624
53089
7955
93815
95428
53081
39812
9161
10345
7958
16961
63796
97489
36594
36592
53220
53551
36598
36599
9708
9704
54682
14993
21473
21476
45330
41308
48218
86414
86416
86417
67543
81681
80840
31931
68317
68645
1714
1719
96997
33946
920
11129
24567
94901
79753
91424
91426
59960
59965
34992
31016
31541
89031
34194
34195
34197
67892
66055
66058
47071
23725
15313
63503
15310
6404
12474
61495
87934
59218
19145
74044
6740
45969
32592
83725
97102
35246
73928
39047
51813
51816
16207
51818
96675
12044
88078
56796
43822
81493
49536
21860
37433
98092
98096
25027
98099
25067
2525
94298
2521
45430
57220
90459
85135
25020
11463
43172
58021
85130
54013
94127
38804
94128
90630
70168
4406
9571
36748
53947
86461
62320
62322
5394
11802
33717
33715
64209
63788
80453
80450
82267
90989
68786
97847
41539
70780
48001
27850
59777
39607
71560
71561
68873
31714
12822
37654
78691
79569
73896
8066
8065
7480
86608
50339
50442
9390
14699
23006
26517
28608
28601
95865
73557
95860
73559
4790
35651
35653
87890
60205
79981
56321
56635
74788
61262
82608
65965
26367
27202
86858
64569
81808
86854
86856
74524
74252
74528
93224
21980
89145
3006
17363
12787
10329
4890
16940
9142
95401
9144
12256
12254
21181
42180
17097
53202
70319
21457
24133
28406
46959
63511
84724
3464
8898
33381
8894
48271
45354
41328
32646
86475
26867
26865
26864
44003
32314
68666
68662
41185
71047
71048
3070
18328
28470
54008
33969
33964
54000
18326
17958
17953
3947
78696
83987
66927
85922
59184
59183
40587
75035
23742
23745
47720
47722
27051
51780
87408
480
15370
30922
6467
50830
92170
19499
82294
82298
65640
39068
9935
73945
32719
97385
81122
81128
51615
44961
65575
46728
46096
42871
21664
46721
75339
3677
45805
96124
96653
43112
57750
58000
17138
38824
36720
36724
90389
60431
70142
12803
62348
48394
87241
42647
46897
42643
81617
27875
41513
48023
41048
84576
95671
39666
18513
8931
11869
78362
78365
79092
76010
59538
7177
84438
31732
37678
37675
38790
63856
37673
40705
12886
12887
12884
40646
86621
26658
95263
39295
86629
14764
66266
70845
43042
87412
23020
28046
73795
27325
77270
73791
22372
73798
4224
4220
5584
23
24796
38212
79543
58709
79238
77050
77052
77056
11275
98229
13687
66488
43341
51373
93140
48173
88797
65017
87877
60884
48172
60220
73550
19480
65908
95541
82625
86836
69064
19685
56617
88886
56349
56348
98173
70088
57562
10654
16432
93857
7915
53038
6288
6286
6280
182
26137
46979
63576
49702
39401
84746
38458
75103
45378
2753
71932
10150
58616
92709
95058
70722
13100
37285
18654
71067
33195
18658
33908
28456
91179
94411
79686
67506
50159
40078
66673
41706
79681
85902
79980
29508
29506
29503
23766
23762
34486
12435
34485
15420
34480
27077
27076
15429
92151
54967
31502
50818
92480
92486
35022
55083
75269
3942
32882
32551
8328
92732
88086
39089
56421
24470
7193
19211
22146
43754
69908
43752
81456
43758
13748
63879
40523
21820
65591
40506
5296
2564
2567
93463
96101
57778
11421
25777
38594
52051
17111
52052
52059
52509
60144
60142
967
42087
30949
24812
80276
85351
41280
62810
64240
44709
42660
42889
85177
3233
41067
27892
53677
90475
10463
28327
63140
1618
95616
8912
58286
18828
18532
54901
54271
11840
34251
7110
29196
84249
49932
18798
18799
84225
2551
50374
40621
50378
33752
40625
29994
24268
58420
28029
94885
73776
90037
13911
13915
89793
5563
98151
72975
76290
17361
35346
31317
31316
31313
307
11211
43728
32962
51422
61040
69598
25336
69593
69591
27240
27241
76921
65298
7414
42416
55941
74564
74567
74294
97757
12747
88118
52339
52998
10926
17326
39879
53069
9454
95440
21144
21142
52194
16535
86813
86814
69047
56174
63551
63805
63800
63809
21499
21361
17582
13306
90990
4858
70539
4852
14171
71916
14179
11988
54599
53247
10583
53248
54043
54045
33251
33929
71005
94478
30699
20362
20361
45936
34930
44043
83237
68955
47891
26120
68952
53201
51239
87072
12981
12989
58945
94571
29030
79667
65114
442
1330
87441
8697
87444
26757
26756
92134
21456
39315
36
35
31070
61387
61386
31594
67920
8342
67929
8344
540
28921
63513
22980
22430
82789
82785
65604
73184
77151
86318
13765
3966
33380
32578
96342
98782
52294
75808
3637
82871
37406
94279
35402
81788
66155
19986
96160
96166
38865
94187
2347
61684
949
941
24872
24871
21806
42061
45586
41268
20174
95588
67971
16843
80439
95581
41008
70270
41002
59866
70278
29202
97188
29206
95635
59316
18805
78323
78321
62839
37585
19451
80927
44186
26925
49915
84200
43723
40354
585
582
67245
40609
35988
64467
50350
3391
47953
1433
3397
1431
68547
77239
73758
73754
38257
91322
79273
8594
2121
8076
31334
11239
5892
11237
51408
25315
86345
82663
92851
92852
95803
74811
96578
32328
79087
57156
16611
16617
84844
22591
97773
57520
65416
65414
61979
75493
62543
43076
81863
81312
42296
24190
49747
63825
21349
3401
75634
22921
75632
75147
3408
38418
87461
38416
81220
57037
57031
2062
361
2797
2066
33490
74858
33499
17707
62449
91400
63580
62440
19608
36049
36517
18610
20340
87012
62661
38061
38063
34919
67011
83257
44063
44062
44061
68971
12968
41740
29015
29548
40298
62071
76241
76552
4036
8109
6958
15461
59295
69571
86763
5113
86761
92113
95257
8362
91860
91867
50140
77589
30278
28764
82739
24431
61508
22455
89813
81413
86375
77176
35792
77179
26349
11397
82088
13702
13703
93790
93525
97090
52271
98014
60364
60363
23857
96142
93420
57734
68517
96148
51899
27162
51892
51893
27168
51896
16287
84337
69366
69363
38886
38884
47278
25458
4539
82503
42118
47724
45213
48370
93935
7877
57198
7879
97540
97233
6300
10132
70705
59841
10139
39689
9649
40998
9647
8957
37030
37034
71251
77634
41240
26900
40192
40198
86003
86571
21341
1634
68703
84593
84264
44300
2812
29953
33687
14703
18283
24228
20717
47979
58460
58461
47974
58465
30920
34214
31139
13959
89758
93782
89757
43
30087
35304
51461
20196
23199
51469
93651
89570
93653
23622
23192
30882
59332
27752
48961
73887
73884
28614
72238
73888
23997
92766
95121
76967
78851
88482
73089
92306
349
51284
54630
70001
55904
98489
84860
61820
84864
69559
26480
69886
69553
76439
16495
21108
22716
2208
92769
91634
81335
26155
26152
69083
26158
25592
25591
43056
25594
69770
43058
76121
70064
90225
4814
11617
57504
57509
80906
58853
96973
96977
14135
54551
35850
62464
70393
60642
36539
85054
53284
54774
34973
87155
48146
48413
48410
95775
83908
70970
10098
83903
83270
27509
41761
76399
41768
15661
27975
7075
7073
8163
30746
15910
12497
72632
72631
72637
15449
39351
67699
50701
66347
8388
88367
40416
92790
92797
40410
67961
77373
24414
1374
28219
28960
1378
69969
26361
81430
93227
52894
91845
91516
76526
32530
55027
32825
19415
27642
73277
56594
56593
35449
51448
27278
61525
61523
86179
87590
51610
65869
81292
26954
69346
44131
56041
25439
25438
43998
43992
25122
25434
25125
11150
46017
42026
85331
80216
82520
80773
2454
2456
85191
7859
63698
72174
24839
653
10402
53342
8563
9291
63479
21732
37016
62870
14091
49401
59832
84245
84241
1967
59830
59820
13266
45092
2875
78492
44327
58440
28510
2540
58331
94826
94799
38746
38741
30538
34893
30533
89775
89771
5503
5501
34091
34096
91677
83041
29976
67203
67207
66152
89802
89558
66400
48944
27772
87749
15058
97853
15054
61752
6566
61754
25959
73866
73861
32494
32493
32499
89948
65983
8447
72408
65984
78875
50062
31371
39162
50069
19352
96538
19357
74852
16120
12728
6172
77583
94818
10983
84806
25606
65456
65455
65450
24953
21120
38982
75458
55362
75451
81350
81605
69758
46208
97667
97660
97662
46201
41961
41962
41966
17291
17292
90243
30500
4520
85295
33188
62406
70140
36005
63860
80009
80558
80003
84655
84650
20474
9296
83927
83925
18433
15600
76373
53402
51718
33987
18387
37758
15932
87632
8143
30983
95367
92409
26739
40789
64223
66362
50272
56
66368
21442
68241
68248
67946
67412
66369
9998
77358
9990
48640
28233
48646
38170
38171
421
533
1395
20134
28724
43200
43204
32805
32807
51050
96327
89122
93203
91532
91531
61322
61327
51583
88838
55006
37540
73298
23670
23819
51631
96180
82727
27125
27124
82720
85119
60494
64136
20099
80761
86946
64776
82895
80573
86944
42008
42555
98728
97058
98058
97055
75863
6696
95564
53182
90580
2430
95568
32115
63674
12113
6346
56067
9608
10172
21246
37565
28230
21248
84001
3788
45528
48338
45526
45522
80946
26940
26942
44125
81576
94615
94617
1949
94611
72874
52118
1941
68030
68031
70215
79356
13247
72873
71161
1398
5461
47783
28539
72658
14211
14214
30510
30511
425
38760
30518
79036
94771
47785
36619
78744
41199
85844
57976
37090
87628
87629
87624
40333
29919
40339
11864
47647
28391
47314
1232
47641
47318
8286
78363
65992
97878
97874
59377
39498
41063
78811
32478
78818
8463
72469
88449
42276
82399
82392
82390
24597
35879
35874
35877
7556
15709
51055
16102
55277
51937
52910
84822
22536
86094
26445
11353
25624
25625
75472
73334
22750
18331
43547
35861
28442
93566
96516
93568
4736
36865
35689
75658
4505
2089
90919
90261
70025
85277
17762
62938
62428
27958
62933
76492
64304
64307
21302
44992
46990
42763
16137
80022
80020
63882
80026
20906
45754
27486
20903
27485
41417
83991
84634
41412
53790
63086
63083
7316
39704
58816
33438
60497
15628
12903
12901
30162
9016
88615
10239
89047
24025
78021
21507
21506
49852
71088
21508
37732
37734
83362
15483
30702
92429
86703
50214
47548
86708
92425
64824
14686
58767
24364
66309
24362
14688
76351
68264
92549
77336
21296
51333
40452
28700
28701
8614
91081
79370
17881
38157
72671
92289
73106
43224
32862
19103
19104
19105
93776
91888
91882
61657
91552
61653
91884
69328
60307
93481
74683
23832
93487
93488
82707
91832
65823
25162
16590
16591
97074
21882
42570
56260
10822
10823
56265
7816
93956
7811
47042
39951
1307
21088
32135
7248
16373
97254
61873
61874
69306
64153
64154
26278
57359
9370
82896
21267
49190
56886
56882
75226
81036
81034
82949
85735
68014
96859
1927
96855
58154
84280
36904
36909
13225
18996
14235
18347
58482
62210
62217
38708
5482
5326
20021
20020
34851
20027
93578
97050
83558
22089
44108
47484
85861
95566
60
41624
41621
97670
59682
87646
94973
29390
7758
23648
633
23136
23646
59421
48901
40418
7757
73820
25998
25999
73829
25995
25991
29648
29649
29640
31626
31153
76608
95843
72332
78838
86115
9816
9817
50538
92360
89595
66442
35812
89598
66118
88645
88644
65141
55217
55214
52972
52974
4152
69539
26468
64810
982
28116
28112
71733
75411
8335
11096
65367
65366
73317
92945
73314
31840
43562
76422
32635
51955
93016
9974
93012
19319
97628
3480
4560
60515
60514
93742
74090
74092
52795
85037
80512
74328
12094
12091
42219
97355
42210
41438
45778
45991
45776
45770
87091
41434
10787
95711
39727
83964
83962
46697
64564
21699
7374
33148
54530
54532
54535
54537
30498
70403
70400
30493
30495
30144
7018
10251
10254
53447
54792
21524
78590
24008
84346
46698
68464
68467
68466
83347
755
83344
11486
24346
50235
47874
58749
5349
68209
67989
40479
4369
62005
28271
14551
11075
30727
38138
15974
34444
91713
91712
66832
30729
13782
31453
13754
4099
50946
54912
47291
93717
51545
61678
3519
88873
23971
40159
23362
47120
47124
61581
8095
65806
8090
73124
22180
96494
44697
45250
65245
82331
19784
74400
74406
80727
98763
97016
58503
97015
82580
92005
92002
69490
96725
32159
32152
52096
60182
60181
26258
64170
49607
49602
63183
63182
46716
37527
1849
45565
45564
90892
2168
43601
4951
81054
14031
56294
96878
62588
3290
94650
94652
36383
90092
36430
18427
66741
14786
71121
94731
20003
30555
12816
42341
36651
40111
12542
85800
85807
68691
32406
15783
48735
29405
40808
71437
47600
47601
617
615
8248
15568
97837
8794
8247
8796
26896
26892
29669
95067
73803
78788
8421
91966
34129
39182
14210
67848
7478
86131
35834
7593
88906
7591
89862
22578
65166
86056
69807
26407
20047
52956
35958
5696
55458
62231
60153
22796
35522
94770
38764
77690
35223
93033
89318
55983
55980
55233
55236
96002
96001
96007
51202
79891
30809
56983
13432
64691
4545
13435
82245
27314
81917
61930
2598
27917
25229
12601
97607
97605
181
97352
42720
90377
90374
20949
87223
2628
20946
52879
9233
87224
33161
71335
84180
84181
84183
84184
62974
12342
20124
10274
77781
34586
9051
21541
24065
20494
20491
68190
68441
68440
84360
20499
3129
29877
67615
62803
71595
2971
5363
47852
30123
30122
79153
30128
64861
4300
4307
60569
40496
31299
54115
18015
49704
14578
89674
18019
38111
38113
63575
89071
23569
23566
15195
15191
67476
68258
16135
47313
89828
48258
47316
15224
87516
87517
82030
95296
77193
39245
74420
74428
65397
16083
9312
56510
84961
50614
10862
69474
92027
10864
32171
18561
16337
19858
16339
93997
75595
55960
69618
2369
2366
86931
69612
49665
49668
21959
17681
3720
17688
4687
4681
45543
29411
13598
61993
53121
11731
97160
53124
15033
96811
5117
58114
54474
54477
49483
94676
75734
94671
62565
79611
60704
10489
57398
10480
891
84792
77839
14904
33336
45815
34818
45813
83515
83518
44148
85771
85773
44144
80308
70850
48751
48750
29464
29465
40829
18224
8225
8226
72159
72156
76107
30828
76100
15503
86483
31665
31666
86488
7600
47444
4643
8466
58928
34106
88429
88937
88422
72374
9858
86153
1252
28337
89882
96338
88689
61429
4115
77506
73682
77501
89086
24688
62627
28159
64831
32418
96332
38907
89136
98686
92908
81688
35504
31887
5946
96022
93051
93058
82487
61130
61131
51734
56708
25021
85216
82263
97194
75900
45488
45482
69135
16108
85003
36082
98530
98532
17213
6026
90359
70196
2643
33586
9211
33102
33105
12397
70442
70440
78082
46820
18045
49342
63393
45735
84304
86091
64912
71860
41410
71864
1069
1068
79137
1063
5304
5306
29980
54130
91025
62043
17860
94501
67670
83650
83300
89437
51500
51507
23094
97975
32389
67491
28813
66729
74998
28819
28059
76840
76841
75477
87538
32387
12567
95908
92596
92222
39224
1468
32994
16534
74195
18162
12621
52858
44675
69459
69452
92040
60943
19529
63941
35747
61891
2341
86958
43930
43421
46348
2676
53709
21973
41864
41862
79910
3706
75714
79919
90501
2122
82571
90506
81094
13571
43649
11716
43642
53101
57154
57622
15423
96838
54453
58136
133
64069
36470
93078
63496
62720
41399
34838
48513
48515
83539
44617
42115
85793
6857
41133
41647
15749
70876
80
57843
8805
8806
18241
10986
29871
78430
59444
30846
8208
15527
76123
94990
31507
95021
95020
95025
85335
78456
50812
37125
34697
34696
67809
9873
9870
14431
14430
24513
10982
656
34426
38098
28315
22208
22207
86019
96223
15262
72352
54381
91926
72358
66492
56141
56146
11522
35560
11529
37815
51717
89359
51248
93072
93077
61152
61157
65129
30645
65126
65124
82460
77422
46116
65380
97173
25266
25267
27956
52773
19950
19953
74385
16279
88008
96014
56725
17276
32241
53717
10720
28461
49586
84144
27563
65185
58095
58093
73162
42853
68154
5095
48189
70601
91051
2661
44403
18589
18588
33786
33783
20182
79115
41803
30478
83491
70468
30470
13030
67356
18727
37804
71737
89199
66519
30781
30782
30784
27512
40722
67656
66529
66524
66835
51528
51529
97953
31252
53079
77956
31258
69901
74602
47186
74972
88584
87554
34571
48456
8568
40572
40170
50386
50385
50925
50431
75546
32208
19094
32202
19092
51383
1277
22697
92064
26586
52950
61216
65243
65717
21003
21004
82699
15000
22072
13634
91491
81523
88586
52388
94327
90526
63923
93334
57607
57605
52657
62523
5151
5153
52658
63650
64040
64047
60746
60748
47317
36459
70201
76968
90782
53388
36454
36321
80128
46633
45852
45855
48578
83801
7272
7275
15274
80340
34546
48791
53607
90976
57941
78451
96103
58060
27195
8820
65891
37328
54387
33664
59937
8097
15091
30863
64014
30163
54049
17336
69662
53421
68362
31782
84460
1742
67820
83113
67359
40578
86198
35899
44892
58362
24533
38778
39868
24535
28525
72110
72116
70975
54165
1294
1567
57006
66990
32502
55167
28193
62225
60414
91276
50393
