10009
10020
10098
10101
10106
1011
10122
10123
10132
10139
10141
10150
10169
10172
10239
10246
10247
10251
10254
10274
10283
10286
10313
10329
10345
10356
10397
10402
10418
10463
10480
10489
1053
10561
10562
10567
10577
10583
10606
10608
1063
10654
1068
1069
10720
10748
10763
10771
10787
10822
10823
10828
10839
10855
10862
10864
10873
10878
10880
10881
10887
10917
10926
1094
10954
10972
10982
10983
10986
11004
11057
11075
11088
11096
11108
11129
11135
11143
11146
11150
1116
11211
11222
11237
11239
11241
11242
1125
11264
1126
11275
11285
11293
1129
11344
11346
11353
11397
1140
11421
11438
1145
11463
11486
11493
11494
11522
11529
11536
11555
11570
11576
11592
11600
11602
11617
11640
1166
11716
1172
11731
11761
11802
11815
11840
11864
11869
11877
11916
11935
11943
11988
12007
12008
12018
12044
12074
12091
12094
12113
12167
1216
12182
12244
12254
12256
12260
1232
12333
12342
12376
12395
12397
12398
12405
12422
12435
12455
12474
12497
12516
1252
12542
12567
12601
12612
12613
12621
12636
1263
12657
12675
12679
12728
12747
1277
12787
12799
12803
12816
12822
12825
12837
12842
1284
12884
12886
12887
12893
12901
12903
12914
12916
1294
12968
12981
12989
12993
13006
1300
13030
13054
13058
13068
13079
1307
1309
13100
13134
13195
13225
13247
13266
13306
13309
1330
13320
13322
13341
13349
13364
13365
13367
13368
133
13423
13426
13432
13435
13441
13446
13488
13502
13518
13535
13566
13567
13571
13598
13634
1365
13674
13687
13702
13703
13717
13735
13748
1374
13754
13765
13782
1378
13812
13819
13845
13864
13868
13911
13915
13941
13959
1395
13960
13962
13963
13981
1398
13990
14002
14006
14008
14024
14027
14031
14047
1404
14064
1406
14086
14091
14126
14135
14138
14143
14145
14146
14148
14167
14171
14179
14210
14211
14214
14235
14241
1431
1433
14344
14346
14369
14407
14420
14428
14430
14431
14460
14472
14551
14578
14588
14623
14637
14647
14671
14678
14679
14680
14686
14688
1468
14699
1469
14703
14710
14764
14777
14786
14829
14846
1484
14872
14881
14886
14887
148
14904
14957
14993
15000
15022
15025
15033
15041
15054
15058
15065
15091
15106
15134
15156
15158
15179
15191
15195
15224
15262
15274
15285
15287
1528
15305
15310
15313
15325
15342
15368
15370
15416
1541
15420
15423
15429
15436
15449
15458
1545
15461
15483
15495
15496
15503
15513
15527
1554
15568
15574
15577
1559
15600
15610
15613
15628
15655
15661
1567
15698
15704
15709
15749
15777
15778
15783
15794
1584
15860
15883
15886
15889
15906
15910
15932
15974
16027
16041
16048
16054
16083
16091
16102
16108
16120
16135
16137
1618
16207
16211
16279
16287
16299
16305
16337
16339
1634
16373
16392
16397
16400
16424
16432
16440
16446
16494
16495
16534
16535
16549
16584
16590
16591
165
16611
16617
1663
16682
16708
16720
16766
16790
16815
16843
16870
16878
16891
16908
16916
16931
16934
16940
16961
16982
16984
16994
16999
1700
17010
17057
17097
17103
17108
17111
17138
17140
1714
17164
1719
17213
17251
17276
17291
17292
1729
17310
17315
17326
17330
17336
17359
17361
17363
17411
1742
17434
17482
1752
1756
17573
17577
17582
17607
17622
17651
17671
17672
17681
17688
17691
17694
17697
17707
17712
17736
17762
17778
17837
17854
17860
17876
17881
17898
1794
17953
17958
17996
18015
18019
18028
18042
18044
18045
18050
18129
18162
18166
181
18211
18213
18224
18241
18281
18283
18297
182
18326
18328
18331
18334
18347
18366
18387
1839
18405
18427
18433
18444
1849
18504
18507
18513
18529
18532
18554
18561
18588
18589
18591
18606
18610
18654
18658
18707
18714
18717
18719
18727
18738
1875
18772
18783
18798
18799
18805
18828
18830
18831
18888
18976
18996
19014
19023
19092
19094
19103
19104
19105
19131
19145
19156
19201
19209
19211
19220
19264
19277
1927
19285
1929
19303
19319
19340
19342
19352
19357
1937
19398
19400
19415
1941
19427
19429
19451
19460
19480
19499
1949
19518
19529
19554
19566
19608
19643
19659
19675
1967
19685
19708
19731
19733
1973
19747
19764
19766
19774
19784
19840
19842
19858
19866
19882
19944
19947
19950
19953
19986
20003
20012
20016
20018
20020
20021
20027
20047
20057
20058
20084
20099
20124
20134
20174
20182
20196
20202
20227
20229
20243
20252
20259
20298
20321
20340
20361
20362
20371
20403
20408
20447
20462
20474
20491
20494
20499
20501
20504
2054
20602
2062
20642
20662
2066
20683
20717
20721
20737
20796
20819
20881
20889
20893
2089
20902
20903
20906
20910
20911
20914
20933
20946
20949
20951
21003
21004
21050
21051
21055
21088
2108
21108
21120
21142
21144
21161
21181
21211
21213
2121
2122
21246
21248
21267
21296
21302
21313
21330
21341
21349
21356
21361
21370
21371
2137
21403
21419
21426
21428
21434
21439
21442
21456
21457
21465
21473
21476
21499
21506
21507
21508
21524
21541
21558
21572
21574
21598
21617
2161
21657
21664
21687
2168
21699
216
21727
21732
21763
21766
21806
21820
21835
2185
21860
21863
21882
21891
21959
21964
21973
21980
22003
22033
22060
22064
22072
22089
2208
22146
22153
22180
22207
22208
22234
22297
22326
22372
22408
22421
22426
22430
22443
22445
22455
22462
22468
22497
22523
22536
22541
22566
22578
22591
22625
22644
22660
22683
22688
22697
22716
22741
22750
22769
22796
22824
22913
22921
22975
22980
23006
2301
23020
23051
23055
23057
23060
23094
23109
23120
23131
23136
23149
23192
23196
23199
23202
23248
23249
23260
23264
23313
23362
23385
23389
2341
23421
23430
2347
2352
23534
23566
23569
23574
2357
23594
23622
23625
23630
23632
23646
23648
2366
23670
2369
23710
23725
23731
23742
23745
23752
23757
23762
23766
2376
23819
23832
23857
23858
23862
23863
23865
23934
2394
23964
23971
23985
23989
23997
23
24008
24025
24038
24065
24081
24133
24153
24166
24190
24228
24238
2424
24253
24268
24281
24289
2430
24317
24330
24334
24335
24346
24357
24362
24364
24371
24414
24431
24445
24470
24480
24513
24520
24533
24535
2454
24567
2456
24575
24583
24584
24597
24635
24676
24688
24730
24734
24735
24755
24761
24773
24777
24796
24812
24822
24839
24844
24847
24865
24871
24872
24922
24928
24953
25012
25020
25021
25027
25044
25045
25067
25122
25125
25130
25136
25139
25162
25192
2521
25229
25234
25253
25257
2525
25266
25267
25273
25281
25302
25315
2532
25336
25343
25363
25392
25404
2540
25424
25434
25438
25439
25458
25489
25506
2551
2554
25578
25591
25592
25594
25606
25624
25625
25632
2564
25651
25671
25673
25676
25679
2567
25701
25724
25737
25777
25778
25806
25828
25861
25866
25867
25897
25907
25942
25946
25959
25988
2598
25991
25995
25998
25999
26020
26030
26120
26137
26147
26149
26152
26155
26158
26166
26227
2623
26245
26248
26258
26262
26278
2628
26331
26338
26349
26350
26361
26367
26370
26373
26377
26387
2638
26390
26393
26407
2643
26445
26452
26468
26480
26491
26497
26517
26520
26535
26538
26547
26563
26568
26573
26575
26586
2661
26644
26658
26702
26703
2671
26739
26756
26757
26766
26768
2676
26819
26835
26864
26865
26867
2686
26892
26896
26900
26912
26915
26917
26919
26925
26934
26940
26942
26954
26992
269
2700
27051
27076
27077
27092
27097
27111
27124
27125
27136
27162
27168
27174
27195
27197
27202
27228
27240
27241
27278
27314
27325
27347
27364
27371
2738
27395
27412
27431
27485
27486
27500
27509
27512
27524
2753
27563
27591
27642
27669
27722
27744
27752
27772
27801
2784
27850
27866
27875
27889
27892
27904
27917
2794
27956
27958
27975
2797
27985
27989
28017
28029
28032
28039
28046
28059
28112
28116
28120
2812
28159
28186
28193
28219
28228
28230
28233
2823
28271
2829
28315
28327
28337
28391
28404
28406
2840
28442
2844
28456
28461
28469
28470
28510
28525
28539
28572
28601
28608
28614
28615
28631
28635
28651
2869
28700
28701
28724
2875
28764
28772
28794
28813
28819
28894
28921
28931
28935
28951
28960
28973
28979
29015
29024
29030
29081
29088
29102
29112
29127
29157
29196
29202
29206
29217
29231
29237
29255
29289
29294
2929
29305
29322
29350
29367
29381
29390
29405
29411
2942
29456
29464
29465
29503
29506
29508
29510
29532
29548
29551
29580
29581
29594
29595
29619
2963
29640
29648
29649
29669
29692
29697
2971
29777
29797
29805
29810
29812
29816
29819
29828
2982
29860
29863
29867
29871
29877
29900
29903
29919
29943
29949
29953
29976
29980
29987
29988
29994
3006
30087
3008
30122
30123
30128
3013
30141
30144
30154
30162
30163
30196
30219
3022
30271
30278
30290
3030
30388
30407
30433
30440
30445
30447
30464
30469
30470
30478
3047
3048
30493
30495
30498
30500
30502
30508
30510
30511
30518
30522
30523
30533
30538
30555
30588
30612
30629
30637
30638
30645
30682
30699
30702
3070
30727
30729
30746
30781
30782
30784
307
30809
30828
30846
30863
30882
30890
30920
30922
30949
30953
30977
30983
30999
31016
31070
31104
31107
31139
31153
31213
31236
31241
31245
31249
31252
31258
31299
3129
31313
31316
31317
31321
31334
31371
31401
31422
31423
31453
31492
31502
31507
31530
31541
31594
31613
31626
31634
31652
31665
31666
31671
31690
31696
31698
3170
31714
31732
31749
31753
31756
31778
31782
31799
31812
31814
31840
31887
31908
31909
31915
31931
31960
31980
3199
319
32003
32021
3204
32058
32092
32103
32107
32115
32135
32152
32159
32171
32181
32202
32208
3221
32229
32239
32241
32275
3227
32290
32294
32311
32314
32325
32328
32333
3233
32355
32358
32387
32389
32399
32406
32418
32421
32478
32493
32494
32499
32502
32530
32542
32551
32566
32569
32578
32592
32600
32635
32646
3264
32669
32706
32709
32719
32729
32743
32764
32805
32807
32825
32834
3284
32859
32862
32874
32882
3290
32915
32936
32938
32954
32962
32994
33013
33072
33081
33089
33093
33102
33105
33133
33143
33148
33161
33188
33195
33199
3319
33204
3321
33225
33229
33240
33251
3325
33288
33325
33336
33345
33380
33381
33407
33420
33424
3342
33438
3344
33490
33499
33508
33515
33533
33537
33584
33586
33634
33635
3363
33664
33687
33697
33707
33715
33717
33752
33783
33786
33810
33845
33880
33908
33912
3391
33929
33930
33935
33937
33946
33964
33969
33970
33973
3397
33987
34004
3401
34048
34052
34081
34083
34085
3408
34091
34096
34106
34111
34118
34119
3411
34129
3415
34176
34194
34195
34197
34200
34214
34228
34251
34286
34302
34324
34327
34336
34347
34413
34426
34442
34444
34480
34485
34486
34517
34522
34534
34546
34547
34553
34561
34562
34571
34586
3464
34680
34696
34697
34779
34786
3480
34818
34827
34838
34851
34881
34893
34919
34930
34937
34941
34973
34983
34992
34999
349
35010
35017
35022
35033
35075
3508
3509
3513
35198
3519
35211
35221
35223
35229
3523
35246
35250
35276
35292
35304
35346
35374
35375
35402
35449
35456
35492
35496
35504
35522
35530
35542
35548
35560
35574
35580
35592
355
35606
35651
35653
35669
35689
35708
35726
35747
35758
35792
35812
35826
35827
35834
35841
35850
35861
35874
35877
35879
35899
35905
35934
35945
35958
35988
35990
35996
35
36005
36014
36049
3605
36065
36072
36078
36082
36138
36139
36150
36194
361
36204
36240
36287
36319
36321
36324
36343
36368
36371
3637
36383
36401
36404
36430
36449
36454
36459
36470
3648
36517
36521
36539
36592
36594
36598
36599
36600
36619
3662
36651
36665
36719
36720
36724
36734
36748
3677
36800
36810
36851
36853
36856
36865
36904
36909
36912
36916
36930
36939
36971
36975
36
37016
37030
37034
37043
37046
37062
3706
37078
37085
37090
37125
37134
37159
37166
3717
37182
3720
37212
37231
37237
37270
37271
37285
37303
37328
3732
37331
37349
37368
37378
37406
37422
37426
37433
37471
3747
37511
37527
37532
37540
37565
3756
37585
3758
37595
37654
37673
37675
37678
37728
37732
37734
37747
37758
3777
37804
37811
37815
37816
37858
37870
3788
37902
3791
3792
37987
37988
37992
38012
38054
38061
38063
38079
38085
38098
38111
38113
38129
38138
38143
38157
38170
38171
38189
38212
38244
38246
38257
38266
38334
38416
38418
38458
38467
38480
38485
38518
3853
38560
38571
38572
38594
38646
38708
38710
38730
38741
38746
38756
38760
38764
38778
38790
3879
38804
38816
38824
38832
38851
38865
38872
38875
38876
38884
38886
38907
38912
38982
39003
39010
39016
39020
39032
39047
39052
39068
39089
39091
39092
3910
39118
3914
39156
39162
39182
39219
39224
39236
39240
39245
39259
39270
39271
39283
39295
39315
39324
3933
39351
39361
39371
39390
39401
39404
3942
3947
39482
39485
39498
39519
39533
39535
39555
39561
39567
39576
39584
39586
39607
39625
39633
39666
3966
39685
39689
39704
39727
3972
39812
39821
39868
39879
39899
39900
39920
39925
39951
3997
3998
39
40004
40023
40041
40064
40078
40081
40095
40100
40111
40121
40144
40159
40162
40170
40189
40192
40198
4021
40278
4027
40298
40333
40339
40354
4036
40386
40410
40416
40418
40426
40429
40452
40479
40483
40496
40500
40506
40508
40510
40522
40523
40540
40544
40558
40562
40572
40578
40587
40609
40617
40621
40625
40646
40652
40705
40713
40722
40736
40739
40765
40789
40796
40808
40817
40821
40829
40872
40876
40884
40897
40898
40900
40922
40924
40952
40965
4096
40980
40982
40998
4099
41002
41008
41011
41048
41058
41063
41067
41133
4115
41179
41185
41193
41199
41240
41251
41257
41268
41277
41280
41308
41317
41328
41399
41400
41410
41412
41417
41434
41438
41469
41513
4151
4152
41539
41541
41564
41576
4161
41621
41624
41647
41650
41679
41687
41706
41716
41740
41741
41758
41761
41768
41775
41803
41835
41849
41858
41862
41864
41873
41875
41918
41921
41938
41961
41962
41966
41976
41979
41980
41996
419
42008
42026
42061
42087
42088
42102
4210
42115
42118
42124
42125
42127
42129
42154
42176
42180
42192
421
42207
42208
4220
42210
42219
4224
42265
42276
42296
42319
42322
42324
42341
4238
42416
42424
42501
42522
4254
42555
42564
42567
42568
42570
42584
425
42612
42643
42647
42660
42662
4270
42711
4271
42720
42763
42786
4279
4280
42811
42848
42853
42857
42871
42889
42899
428
42912
42930
42951
42976
42979
4300
43022
43042
43056
43058
43061
43064
43076
4307
43105
43112
4313
43150
43172
43186
43200
43204
43224
43339
43341
43352
4336
43375
43387
4338
43421
43438
43440
43450
43475
43477
43510
43539
43547
43555
43562
43601
43622
43642
43649
43652
43683
43694
4369
43723
43726
43728
4374
43752
43754
43758
43764
43810
43817
43821
43822
43869
43877
43881
43882
43886
4388
43902
43903
43930
4393
43942
43966
43970
43992
43998
43
44003
44039
44043
44055
44056
44061
44062
44063
4406
44081
44108
4411
44125
44131
44144
44148
44171
4417
44186
44194
44201
44202
44231
44238
44239
44246
44250
44256
442
44300
44327
44351
44354
44355
44375
44403
44427
44428
44437
44439
44451
44528
4453
44547
44549
44563
44565
44566
44581
44607
44617
44655
44657
44675
44688
44689
44697
44709
44751
44775
4477
44804
44827
44829
44892
44902
44927
44961
44992
45009
45041
45042
45052
4505
45061
45080
45087
45092
45101
45102
4515
45187
45197
4520
45213
45247
45250
45287
45302
45309
45330
45354
45378
4539
45400
45430
4545
45482
45488
45499
45517
45522
45526
45528
45542
45543
4554
45564
45565
45573
45586
45596
45598
4560
45624
45626
45645
45650
45652
45665
45684
4571
45735
45754
45770
45776
45778
4577
45805
45813
45815
45848
45852
45855
45867
45869
45873
45887
45903
45924
45936
45948
45969
4598
45991
46004
46007
46017
46069
46096
46116
46128
46138
46148
46160
46201
46208
46239
46252
46257
46305
46333
46348
46351
46353
4636
46371
4639
46415
4643
46453
46472
46491
46495
46502
46538
46571
4658
46620
46633
46678
46697
46698
46711
46716
46718
46721
46728
4672
46738
46751
46785
4681
46820
46838
46861
46878
4687
46880
4688
46897
46905
46937
46944
4694
46959
46969
46979
4698
46990
469
47003
47026
47027
47029
47042
47071
47074
47080
47087
47089
47114
47120
47124
47130
47131
47156
47171
47172
47186
47190
47195
47196
47229
47235
47252
47278
47280
47291
47301
47303
47304
47306
47313
47314
47316
47317
47318
47323
4736
47415
47419
47432
47444
4744
47457
47484
47511
47532
47533
47547
47548
47557
4755
47572
47575
47591
47600
47601
47605
47611
47639
47641
47647
47671
47682
47695
47715
47720
47722
47724
47783
47785
4780
47840
47846
47852
4785
47863
47874
47891
47907
47908
47909
4790
47953
47974
47979
47993
47995
48001
48011
4801
48023
48033
48070
480
48146
4814
48163
48172
48173
48189
48194
48209
48218
48258
48271
4827
48292
48294
48309
48338
48370
48382
48392
48394
4840
48410
48413
4843
48456
48462
48468
48482
48504
48506
48513
48515
4852
48541
48544
48558
48578
48585
4858
4860
48640
48646
48651
48735
48750
48751
48791
48819
4881
4882
48835
48851
4886
4888
4889
48901
4890
48944
48961
48976
48994
49073
49080
49103
49127
49141
49152
49157
49165
49174
49176
49185
49190
49207
49210
4924
49309
49312
49321
49342
49384
49401
4942
4943
49455
4945
49483
49501
4951
49536
49547
49574
49575
49586
49591
49602
49607
49634
4964
49665
49668
49702
49704
49747
49752
49806
49820
49825
49829
49852
4986
49894
49901
49915
49932
49947
49969
50051
50054
50055
50062
50069
50085
50090
50117
50140
50159
50191
50212
50214
50235
50272
502
50323
50329
50332
50339
50350
50361
50374
50378
50385
50386
5038
50393
50431
50442
5045
50472
50487
50488
50527
50538
50547
50585
50614
5066
50701
50714
50759
50812
50818
50828
50830
50849
50893
50914
50925
50946
50951
5095
51033
51050
51055
5109
51128
51130
5113
51144
51160
51167
5117
51180
51183
51202
51212
51239
51248
51256
51275
51278
51284
51325
51333
51335
51373
51383
51384
51408
51422
5142
51448
51461
51469
51474
51479
5147
51486
51492
51500
51507
51517
5151
51528
51529
51539
5153
51545
51556
51583
51590
51610
51615
5161
51624
51631
5163
51669
51717
51718
51734
51742
51744
51780
51790
51802
51809
51813
51816
51818
51829
51830
51884
51892
51893
51896
51899
51907
51908
51937
51954
51955
51985
52008
5200
52013
52020
52021
52047
52051
52052
52059
52065
52080
52096
52104
52118
52142
52145
52161
52168
52171
52172
52194
52253
52271
52286
52294
52339
52341
52358
52365
52388
52432
52462
52463
52472
52509
52519
52534
52563
52571
5262
52640
52646
52657
52658
52692
52695
52765
52773
52784
52795
52818
52821
52842
52843
52858
52879
52885
52894
52899
52910
52944
52950
52956
52962
5296
52972
52974
52993
52998
53038
5304
53052
53059
53069
5306
53074
53079
53081
53089
53101
53117
53121
53124
53145
53154
53159
53182
53199
53201
53202
53220
53247
53248
5326
53278
53279
53284
53342
5335
53388
5338
53398
533
53402
53410
53418
53421
53434
53447
53491
5349
53512
53540
53543
53551
53600
53607
5363
53661
53677
53709
53717
53721
53746
53755
53757
53759
53775
53790
53840
53947
5394
54000
54008
54013
54019
54035
54039
54043
54045
54049
54095
540
54115
54120
54130
54165
54197
54199
5419
54220
54271
54312
54378
54381
54387
54397
54411
54453
54468
54474
54477
54481
54507
54530
54532
54535
54537
54551
54584
54599
5461
54630
54644
54682
54700
54709
54740
54774
5478
54792
5482
54849
54877
54901
54910
54912
54919
54967
5496
54981
54982
54997
55006
55007
5501
55027
5503
55073
55083
55096
55099
550
55167
55206
55214
55217
55233
55236
55246
55277
55287
55300
55305
55314
55320
55362
55372
55401
55403
55449
55458
55463
55469
554
55502
55547
55619
55629
55634
5563
55640
55694
55700
55701
5576
55788
55804
55838
5584
55904
55936
55941
55950
55960
55980
55983
55989
55994
5600
56041
56052
56067
5606
56090
56113
56126
56141
56146
56174
56176
56221
56238
56260
56265
56294
56316
56321
56348
56349
56353
56389
56411
56421
56437
56474
56510
56564
56593
56594
56605
56617
56621
56635
56645
56661
56686
56708
56716
56725
56738
56770
56782
56796
5679
56813
56882
56886
56895
56915
56933
56959
5696
56975
56983
56
57006
57031
57037
57041
57045
57046
57085
57102
57106
57120
57123
57132
57154
57156
57161
57168
5716
57198
571
57220
57241
57258
57309
5730
57359
57361
57398
57405
57426
5749
57504
57509
57510
57520
57562
57591
57605
57607
57622
5767
57691
57695
57696
57702
57720
57734
57750
57778
57843
57852
57892
57899
57902
57920
57925
57926
57933
57941
57976
58000
58021
58031
58060
58064
58070
58093
58095
58109
58114
58127
58136
5813
58148
58154
58160
58176
58180
58189
58207
5822
58237
58238
58248
58264
5826
58286
582
58331
58362
58416
58418
58420
58440
58460
58461
58465
58475
58482
58493
58498
58503
58520
58541
58553
58579
5857
5858
58593
5859
585
58616
5862
58646
58663
58672
58681
58709
58718
58749
58753
58754
58767
5876
58775
58802
58816
58841
58853
58860
58861
58928
5892
58945
58984
59065
5906
59096
59114
59132
59134
59138
59183
59184
59197
59218
59249
59289
59295
59316
5931
59332
5933
59342
59366
59377
59383
5938
59417
59418
59421
59435
59444
5946
59506
59528
59538
59553
59557
59577
5958
59658
59670
59678
59682
59697
59700
59769
59777
59783
59788
59794
59799
59815
59820
59830
59832
59841
59858
59866
59904
59937
59946
59956
59957
59960
59965
59979
60005
60029
60040
60047
60049
60054
60076
60079
60095
60142
60144
60153
60172
60181
60182
60195
60205
60220
60258
6026
60285
60288
60307
6030
6033
60352
60363
60364
60373
60374
60396
60399
60408
60414
60423
60431
6045
60477
60494
60497
60514
60515
6055
60569
6057
60642
60704
60710
60746
60748
60757
60789
60811
6081
60850
60876
60884
60917
60943
60955
60
61011
61040
61070
61125
61130
61131
61152
61157
61173
61186
61204
61216
61221
61229
61240
61241
61257
61262
61276
61313
61322
61327
6133
61386
61387
61429
61495
61503
61508
61511
61517
61518
61523
61525
61555
61559
61576
61581
61598
615
61600
61602
61606
6160
61642
61643
61653
61657
6165
61678
61684
6172
61752
61754
61760
61781
617
61820
61825
61826
61841
61847
61849
6184
61873
61874
61883
61891
61930
61979
61989
61993
62005
62011
62018
6203
62043
62057
62071
62082
62093
62094
62100
62124
6212
62136
6214
62184
62185
6218
62210
62217
62225
62231
62289
62307
62320
62322
62348
6235
62371
62373
62376
62406
62428
62440
62449
62457
62464
62498
62516
62523
6252
62530
62534
62543
62565
62588
62618
62627
62636
62656
62661
62670
626
62720
62778
6278
62799
62803
6280
62810
62828
62839
62845
6286
62870
62882
62889
6288
62896
62906
62920
62924
62933
62938
62974
6297
62
6300
63033
63046
63056
63083
63086
63094
63116
63140
63155
6316
63182
63183
63196
63393
633
6346
63479
63496
63503
6350
63511
63513
63525
63551
63562
63575
63576
6357
63580
63583
63592
63603
63650
63674
63698
63721
63743
63788
63796
6379
63800
63805
63809
63825
63856
63860
63879
63882
638
63923
6393
63941
63958
63971
63992
6400
64014
64015
64016
64019
64025
64040
64047
6404
6405
64069
64121
64126
64128
64136
64153
64154
64170
64209
64215
64223
64240
64295
64298
64304
64307
64334
64398
64409
64450
64463
64467
64484
64486
64495
64513
64541
64542
64550
64564
64569
645
64601
64602
64606
64678
6467
64685
64687
64691
64750
64751
64759
64771
64773
64776
64792
64810
64824
64831
64842
64860
64861
64862
648
64901
64912
64926
64937
64943
64955
64959
65017
65028
65046
65062
65065
65067
65076
65079
65114
65124
65126
65129
65141
65166
65185
65191
65237
65243
65245
65268
65298
6531
65334
65337
65352
65353
65366
65367
65377
65380
65397
653
65414
65416
65420
65427
65450
65455
65456
65462
65505
65514
65521
65531
65575
65591
65604
65612
65615
65625
65640
65659
6566
65681
65690
656
65717
6571
65729
65760
65806
65814
65823
65869
65880
65891
65908
65912
65930
65950
65951
65953
6595
65965
65970
65983
65984
65992
66028
66042
66044
66055
66058
66089
66106
66109
66118
66122
66123
66140
66152
66155
66168
66218
66227
66266
66284
66288
66302
66309
66315
66317
66330
66334
66347
66357
6635
66362
66368
66369
66400
66435
66442
66479
66488
66492
66493
664
66519
66523
66524
66529
66543
66555
66590
66627
66645
66664
66673
66687
66715
66729
66741
66772
66780
66785
66790
66806
66832
66835
66847
66913
66915
66927
66958
66965
6696
66988
66990
67011
67023
67042
67043
67148
67166
67171
67192
6719
67203
67207
67217
67219
67232
67237
67245
67275
67313
6733
67343
67356
67359
67365
6737
6740
67412
67420
67426
67450
67469
67476
67484
67491
67506
6750
67543
67568
67586
67594
67605
67615
67656
67665
67670
67699
67702
67747
67761
67768
67794
67797
67798
6779
67809
67810
67820
67837
67848
67880
67889
67892
6789
67920
67929
67932
67946
67953
67961
67971
67989
67994
68014
68030
68031
68043
68060
68110
68116
68154
68180
68190
681
68209
68241
68248
68258
68259
68264
68272
68278
68287
68317
68362
68371
68388
68416
68440
68441
68457
68464
68466
68467
68468
6848
68498
6849
68516
68517
68528
68547
68570
68572
68575
6857
68585
68600
68629
68632
68645
68651
68662
68666
68675
6867
68691
6869
68703
6873
68751
68786
68795
68796
68819
68832
68863
68873
68881
68944
68945
68952
68955
68967
68971
69013
69016
69024
69047
6904
69051
69064
69076
69083
69092
69100
69105
69109
69121
69123
69135
69142
69177
69179
69183
69201
69220
6922
69246
69267
6926
69306
69328
69332
69346
69357
69363
69366
69379
69394
69395
69424
6942
69452
69459
69474
69489
69490
69520
69524
69525
69534
69539
69544
69553
69556
69559
69571
69584
69587
69588
6958
69591
69593
69598
695
69604
69612
69618
69620
6963
69662
6967
69681
69685
69687
69702
69758
69763
69770
69780
69786
69807
69812
69838
6985
6987
69886
69895
69899
69901
69908
69924
69932
69969
69972
70001
7000
70012
70025
70033
70039
70064
70088
70093
70100
70113
70115
70116
70117
70120
70121
70131
70140
70142
70156
70168
70177
70182
7018
70196
70201
70202
70215
70223
70229
70249
70270
70278
70306
70319
70355
70360
70393
70400
70403
70421
70440
70442
70468
7047
70484
70490
70539
70599
70601
7061
70637
70650
70705
70722
70733
70734
7073
70751
70758
7075
70767
70770
70780
70807
70827
70836
70845
70846
70850
70857
70876
7087
70896
70902
70922
70925
70961
70970
70975
71005
71011
71047
71048
71067
71088
7110
71121
71132
71133
71161
71175
71180
71183
71242
71244
71251
71284
71297
71335
71409
71422
71437
71449
7144
71488
71516
71525
71529
71532
71534
71550
71560
71561
71579
71582
71586
71595
71634
71639
71659
71733
71737
71753
71754
71775
7177
71794
71821
71847
71860
71864
7186
71885
71916
71927
7192
71932
7193
71967
7197
71981
71987
7198
71994
72014
72017
72018
72036
72058
72070
72075
72099
72105
72110
72116
72142
72156
72159
72174
72183
72193
72238
72244
72246
72252
72256
72278
72305
72311
72324
72332
72345
72346
72352
72358
72365
72369
72374
72387
72393
72408
72419
72451
72454
72458
72469
7248
7249
72500
72512
72516
72604
72631
72632
72637
72644
72658
72663
72671
72680
72702
72712
72718
7272
72750
72755
7275
72804
72805
72811
72812
72848
72873
72874
72905
72910
72926
7295
72975
73013
73022
73089
73106
73114
73118
73124
73145
73154
73157
73162
7316
73184
73196
73202
73241
73243
73268
73277
73298
73301
73302
73314
73317
73325
73334
73342
73347
73380
73393
73394
73416
7343
73440
73456
73457
73473
73507
73523
73526
73550
73557
73559
73663
73682
73724
73730
73731
73743
7374
73754
73758
73776
73791
73795
73798
73803
73820
73829
73853
73861
73866
73884
73887
73888
73896
73902
73928
73929
73933
73939
73945
73973
73993
74022
74030
74044
74076
74090
74092
74120
74122
74125
74140
7414
74160
74162
74163
74195
74218
74246
74252
74274
74281
74290
74294
74312
74328
74385
743
74400
74404
74406
74418
74420
74428
74434
74435
74437
74457
7447
74494
74516
74524
74528
74550
74559
74564
74567
74602
74631
74651
74683
7468
74731
74738
74788
7478
74792
7480
74811
74821
74852
74857
74858
74868
74925
74933
74972
74998
75000
75023
75035
75045
7504
75052
75054
75079
75087
75103
7511
75147
75159
75179
7520
75226
75269
75272
75280
75308
75339
75349
75396
75411
75441
75446
75451
75458
75462
75472
75477
75493
75506
75509
75515
75544
75546
75567
7556
75595
755
75621
75624
75632
75634
75635
75636
75642
75648
75658
75709
75714
75734
75764
75808
75830
75833
75863
75886
75900
75916
7591
7593
75951
75954
7600
76010
76100
76107
76121
76123
76132
76157
76162
76174
76197
76207
76208
76219
76231
76241
76262
76266
76290
76320
76351
76363
7636
76373
76382
76399
76422
76439
76443
76463
76464
76468
76492
76526
76533
76552
765
76608
76637
76690
76713
76714
76737
76758
76775
76779
7678
76792
767
76840
76841
76867
76921
76967
76968
76975
76976
77009
77025
77030
77035
77036
77037
77050
77052
77056
77151
7716
77175
77176
77179
77187
77188
77193
77221
77239
77266
77270
77292
7731
77336
77340
77358
77373
77384
77422
77438
77457
77495
77496
77501
77506
77537
77556
7757
77583
77589
7758
77627
77634
77677
77681
77686
77690
77771
77781
77791
77793
77839
77861
77876
77887
7790
77913
77956
7797
77987
78015
78021
78056
78082
78095
78103
78115
7811
7816
78170
78171
78194
78197
78306
78321
78323
78334
78350
78353
78355
78362
78363
78365
78384
78394
78430
78444
78448
78451
78456
78471
78474
78492
78543
78544
78565
78585
78590
78593
7859
7860
78631
78637
78664
78667
78689
78691
78696
78731
78744
78753
78757
78766
78779
7877
78788
78792
7879
78811
78818
78825
78829
78838
78851
78875
7889
78924
78943
79029
79036
79041
79046
79062
79064
79069
79082
79087
79092
79115
79137
79153
7915
791
79220
79238
79243
7926
79273
79334
79356
79361
79368
79369
79370
79386
79408
79428
79444
79447
79514
79525
79528
79543
7955
79569
79579
7958
79592
79611
79612
79635
79639
79667
79681
79686
79753
79756
79791
79794
79843
79848
79861
79891
79900
79904
79910
79919
79969
79980
79981
80003
80009
80014
80020
80022
80026
8002
80058
8005
80112
80114
80128
80164
80166
80216
80227
80245
8024
80276
80279
80285
80289
802
80308
80337
80340
80390
80393
80397
80438
80439
80450
80453
80462
80463
80484
80512
80521
80548
80558
80565
80573
80581
80591
80625
80639
8065
8066
80681
80682
80727
8072
80736
80738
80758
80761
8076
80772
80773
80794
80795
8082
80835
80840
80844
80850
80877
80891
80895
80906
8090
80914
80927
80946
8095
8097
80991
80
81012
81034
81036
81046
81054
81063
81078
81084
81094
8109
810
81118
81122
81128
81138
81160
81164
81169
81174
81175
8117
81180
81220
81243
81282
81292
81306
81310
81311
81312
81335
81336
81350
81385
81390
81400
81413
81430
8143
81447
81456
81489
81493
81515
81523
81534
81573
81576
81597
81605
81617
8163
81670
81671
81681
81688
81701
81726
81731
81742
81768
81788
81792
81808
81863
81875
81877
81884
81917
8191
81946
8194
81965
81967
81980
81983
8198
82002
82023
82030
82059
82088
8208
82133
8216
82220
82229
82236
82245
8225
82263
82267
8226
82283
82294
82298
822
82300
82331
82379
82390
82392
82399
82412
82416
82423
82439
82441
82459
82460
8247
82487
8248
824
82503
82510
82520
82571
82580
82608
82618
8261
82625
8262
82657
82659
82663
82675
82699
82707
82720
82726
82727
82739
82774
82778
8277
82785
82789
82791
82802
82803
82841
82861
8286
82871
82881
82895
82896
82907
82908
8292
82949
8297
82980
82986
82998
83030
83041
83052
83081
83113
83133
83146
83153
83173
83174
83192
83202
83207
83237
83257
83270
83280
8328
83300
83344
83347
83351
8335
83362
83372
83396
8342
8344
83469
83480
83484
83491
83504
83509
83515
83518
83525
83539
83558
83565
83628
8362
83650
83690
83721
83725
83743
83751
83764
83801
83818
83857
8388
83903
83908
83919
83925
83927
83939
83951
83962
83964
83987
83991
84001
84055
84076
84078
84097
84104
8410
84119
84128
84138
84144
84156
84175
8417
84180
84181
84183
84184
84192
84195
84200
8421
84225
84241
84245
84249
84254
84264
84280
84304
84314
84317
84337
84346
84351
8435
84360
8436
84371
84386
84438
84460
84478
8447
84494
84496
84497
84505
8451
84533
84576
84581
84587
84588
84591
84593
84604
84623
84634
8463
84649
84650
84655
84664
8466
84711
84724
84746
84792
84806
84811
84822
84834
84844
84860
84864
84916
8495
84961
85003
85009
85021
85022
85026
85037
85040
85054
8505
85061
85082
85119
85130
85135
85177
85189
85191
85216
85277
85282
85284
85295
852
85300
85323
85331
85335
85343
85351
85436
85446
85475
85490
85519
85532
85535
8553
85558
85617
85624
8563
85653
85655
85669
85671
8568
85695
85708
85735
85771
85773
85781
85793
85800
85807
85844
85861
85879
85902
85915
85916
85922
85931
8594
85950
85953
85955
85992
86003
86019
86048
86049
86056
86091
86094
86115
86122
86128
86131
8614
86153
86161
86179
86198
86293
86318
86326
86345
86375
86402
86414
86416
86417
8641
86424
8642
8644
86461
86466
86475
86483
86488
86496
86540
86563
86564
86571
86608
86612
86621
86629
8666
86693
86703
86708
86732
86758
86761
86763
86771
86793
86797
86813
86814
86836
86841
86846
86854
86856
86858
86862
86875
8687
86907
86931
86941
86944
86946
86958
8697
86986
87012
87048
8705
87072
87091
87110
87115
87155
87156
87177
87212
87215
87223
87224
87241
87281
87294
87326
8734
87352
87356
87379
873
87408
87412
87441
87444
87461
87474
87495
87516
87517
87538
87542
87554
87567
87590
87619
87624
87628
87629
87632
87646
87676
87695
87714
87749
87793
87796
87845
87847
87848
8786
87877
87884
87890
87924
87928
87934
8794
8796
87996
88008
88011
88025
88057
8805
88061
88063
8806
88078
88086
88118
8811
88165
88170
88184
88188
88209
8820
88313
8834
88350
88367
8836
88422
88429
88439
88449
88473
88482
88500
88504
88545
88549
88555
88564
88576
8857
88584
88586
88598
88612
88615
88639
88644
88645
88689
88695
88700
88711
88713
88720
88725
88733
88759
88771
88797
8881
88825
88838
88842
88873
88886
88906
88935
88937
8894
8898
8901
89031
89047
89049
89071
89086
89110
89117
89122
8912
89135
89136
89145
89171
89176
89195
89199
891
89215
89257
89258
89270
89278
89300
89318
8931
89320
89338
89349
89359
89364
89392
8940
89421
89437
8944
8947
89486
89499
89526
89527
89558
89570
8957
89595
89598
89666
89674
89700
89747
89757
89758
89771
89775
89787
89793
89802
89813
89828
8985
89862
89882
89890
89948
89950
89951
90002
90024
90028
90037
9005
90060
90080
90092
90111
90161
9016
90180
90225
90232
90243
90261
90280
90300
90319
90325
90359
90374
90377
90389
90422
90428
90459
90475
90493
90494
90501
90506
9051
90526
90538
90551
90580
90591
90621
90630
90670
90683
90732
90773
90782
90792
90865
90892
90919
90921
90948
90968
90976
90989
90990
91025
91036
91042
91049
91051
9106
91079
91081
91093
91100
91104
91124
91141
91179
91183
91214
91215
91216
91219
91233
91248
91266
91268
91276
91311
91322
91354
91371
91400
91424
91426
9142
91437
9144
91451
91491
91508
9150
91516
91522
91531
91532
91552
9156
9157
91584
91589
91601
91612
9161
91620
91634
91649
91677
91704
91712
91713
91724
91832
91845
91860
91867
9186
91882
91884
91888
91926
9193
91943
91952
91966
91979
91985
92002
92005
92011
92027
92040
92052
92064
92070
92083
92093
9209
920
92103
92113
9211
92134
92145
92151
92170
92181
92187
9221
92222
92233
92248
92253
92271
92289
92306
92316
92318
92338
9233
92360
92397
92409
92413
92425
92429
92458
92480
92486
92492
92514
92549
92596
9264
92682
92700
92709
92732
92761
92766
92767
92769
92790
92797
92801
92807
92822
92851
92852
92908
92911
92914
9291
92945
9296
92987
92
93008
93012
93014
93016
93026
93033
93051
93058
93065
93068
93072
93077
93078
93111
9312
93140
93184
93189
93203
93224
93227
9324
93251
93256
93262
93271
93334
93354
93357
93362
93417
93420
93422
93454
93457
93463
9347
93481
93487
93488
93522
93525
93536
93566
93568
93578
93599
93629
93641
93651
93653
93681
9368
9370
93717
93742
9376
93776
93782
93788
93790
93806
93815
93818
93824
9383
93857
9387
9390
93935
93956
93982
93997
94031
94034
94043
94047
94054
94108
94127
94128
94154
94159
94187
941
9422
94244
94246
94249
9424
94279
94298
94304
94305
94327
94341
94361
94409
94411
94445
9444
94465
94478
9447
94501
94537
9454
94553
94555
94571
94575
94603
94605
94607
94611
94615
94617
94628
94629
94650
94652
94671
94676
94704
94731
94770
94771
94799
94818
94826
94853
94885
94898
94901
94967
94973
94981
94990
949
9500
95020
95021
95025
95039
95054
95055
95058
95059
95064
95067
95121
95132
95134
9513
95153
95172
95176
95191
95201
95231
95239
95257
95263
95271
95296
952
95313
95329
95367
9536
95396
95401
95428
95440
95448
95517
95541
95551
95554
95564
95566
95568
95573
95574
95581
95588
95593
95594
95609
95616
95635
95671
95689
95709
95711
9571
95748
95764
95775
95796
95797
95803
95833
95843
95854
95860
95865
958
95908
96001
96002
96007
96014
96022
96050
96051
96080
96081
9608
96101
96103
96124
96132
96142
96148
96151
96157
96160
96166
96170
96171
96175
96180
96212
96223
96272
96274
96275
96283
96295
96314
96327
96331
96332
96334
96338
96342
96351
96421
96434
96478
9647
96494
9649
96516
96520
96527
96529
96538
96578
96587
96612
96621
96653
96675
96725
96737
96752
96753
96770
96793
96799
967
96811
96838
96855
96859
96878
96886
9695
96973
96977
96997
97015
97016
97021
97025
9704
97050
97055
97058
97074
97083
9708
97090
97102
97120
97150
97156
97157
97160
97173
97185
97188
97194
97200
97233
97254
97284
97306
97323
97335
97336
97349
97352
97355
97385
97401
97459
97462
97489
97514
97518
97519
97540
97605
97607
97613
97628
97653
97658
97660
97662
97667
97670
9773
97757
97773
97837
97847
97853
97874
97878
97888
97939
97953
97975
9797
98011
98014
98058
98088
98092
98096
98099
98109
98112
98125
98151
9816
98173
9817
98193
98202
98209
9821
98227
98228
98229
9829
982
98329
98348
98368
98384
98489
98494
984
98509
98530
98532
98543
98585
9858
98599
98604
98615
98622
98646
98686
9870
98718
98728
9873
98752
98755
98763
98782
98791
98811
98859
98876
98887
9888
9935
9942
9947
9948
9974
9978
9990
9998