35542
35548
73390
73464
73394
50212
36324
19398
5982
55619
73393
87963
22268
82441
61173
82195
61176
36600
43877
27371
46138
82998
82229
98318
56126
98646
97150
97157
97156
98640
25287
25281
51843
16708
34520
16705
55838
88023
97336
97335
88027
12018
88025
26127
64670
26390
26393
17251
52462
52463
64678
17256
17257
9529
95797
95796
80279
10706
10705
65505
45400
21617
49566
84126
69424
84128
69728
64450
26020
69177
64458
69179
42088
85617
44246
44244
49309
92093
46861
24081
58070
24085
94154
62818
3513
84694
75054
68174
90311
90644
70661
90319
2686
90648
14625
71284
71534
71537
71530
71821
71532
98
38646
68287
62882
92
62889
14680
76624
76626
13058
13059
36150
70489
70484
83476
83470
13054
18707
54175
71751
71885
71753
78667
33508
89610
91061
41564
41560
41562
41568
62082
20259
44376
20252
29381
44427
40965
40962
29819
83611
29816
29812
29810
1172
61747
23055
23057
23051
97939
39591
59031
83764
31236
29102
7186
72256
72702
91683
79532
79848
82059
12837
8018
65880
15287
8012
34553
92260
44936
42662
26628
35934
4849
55629
42664
84902
10887
10880
10881
52818
88700
22673
88704
31915
26568
77280
82220
69413
92083
61231
2315
65268
61238
69395
77025
77024
73073
394
92888
43461
31908
31909
2301
2300
27722
16065
93681
5841
32223
93137
11285
32229
93132
17622
98109
3747
75282
75280
4620
41829
13535
80891
94307
94305
94304
90818
43683
16392
16397
16394
16395
93350
93354
93357
93356
97459
20737
52104
20889
64025
58604
85420
80101
36302
85429
76533
49176
46305
49174
42332
45652
45650
45309
48558
23421
20084
45873
45302
57085
19277
10397
7219
16934
77800
16931
78306
44655
44657
6214
6212
42154
54411
12229
70836
41179
90101
90103
72324
15702
15704
15705
40884
57887
10577
53500
37304
18935
24143
37303
78474
78472
78471
49799
80591
33029
8842
30629
67594
37078
83280
59953
59957
59956
26819
40081
86424
40087
97332
37166
58681
36078
41687
18536
62161
29597
29594
29595
29593
67372
40558
24550
50085
47682
7889
47680
1545
1542
695
28425
28356
14472
28421
58531
28351
34302
8714
94958
72132
76162
13845
51033
73663
52461
38365
72393
85992
91219
5716
91213
91216
91214
91215
35211
47026
47027
23264
96081
47022
23260
54220
89395
89392
47029
82423
68585
43852
25044
43856
74030
6779
27395
39016
9966
9967
39010
73440
56455
56457
91556
56452
90792
57278
96621
51829
65690
16721
16720
19917
16724
88048
98595
98598
98599
97682
64616
63046
63047
63045
9500
65521
83207
49542
55206
49547
49096
83202
84104
44039
43144
90486
64926
26042
42811
49324
42814
49894
49321
85915
42818
68110
98846
68116
75079
5051
45793
38560
36820
36793
53755
53757
53759
36799
70131
58237
54997
14647
64901
71516
78394
58238
80112
62314
13073
30439
30437
13079
30433
87294
86066
13143
54199
54197
33520
18096
38199
20272
91049
27801
91045
69520
91042
83632
67166
10189
83638
40765
29297
72099
47234
97915
30290
29127
77910
77913
29123
39576
25897
71775
71773
31749
31213
88545
88546
8031
79514
72278
8038
76208
12858
12586
34534
44913
50473
50472
44916
92536
86658
89499
68528
88720
22655
61781
88724
88725
61035
65067
61789
65065
65062
75058
61033
26547
60928
13986
13987
13981
75052
23385
23384
28651
23389
66784
66785
66780
22033
22037
75515
75514
61257
35664
86245
86247
77009
94159
35669
80709
43339
43440
4742
31960
89239
13674
4744
55640
96439
55314
5869
19764
93111
96437
55319
5862
98439
98129
17359
17358
56661
17607
17606
98433
17356
52341
98125
2182
90872
2185
13518
4607
60251
15436
23926
83396
15342
27234
27237
51128
51123
81385
52168
64550
64553
86862
52161
52692
60789
52695
52166
60079
36367
87456
36368
60070
60076
60075
80166
85447
80164
14623
46678
42319
6184
5933
49152
42317
49157
2725
48208
87352
48200
87356
9193
93806
71533
93802
10377
10375
42176
10562
16916
29363
63786
29362
10828
6235
70360
90126
63525
63254
63253
95189
29350
98567
53566
9773
71180
24165
37368
71183
21400
21403
819
41372
810
813
84711
57137
26835
26832
77876
71981
71982
71987
80835
57132
1700
5266
5262
68632
4571
34347
91612
10570
37182
15857
41154
67313
67316
67315
14457
37987
11135
33956
24576
24575
54039
37988
62124
28408
17985
3028
3027
58553
3022
28404
34983
8739
34327
91183
8734
34324
59979
59978
13869
35059
31005
32567
31007
13864
5672
66958
5679
66950
89003
91233
91987
91985
55125
66044
66046
30638
35276
23248
23249
50332
23710
47003
30977
8191
8194
87928
87927
48857
8198
87924
82401
48851
92187
39382
39380
71754
72516
72517
55788
78664
78924
78923
98604
6750
6756
73933
92761
35587
35580
9947
92987
9948
92768
56477
39032
39033
32054
16745
51802
16211
32729
51809
32058
88065
88063
88061
32960
42786
56782
80910
43833
81174
81175
69203
43789
69201
21651
21657
63065
9376
64495
64496
64497
64499
65419
2532
64943
57258
58031
58030
46538
17164
38816
84386
52571
70115
70116
70117
70113
10748
36800
53775
53772
10741
53770
18569
54209
54207
14662
14663
33723
58781
33093
48690
38609
61559
13098
1752
85657
36118
73196
85653
44758
44754
44428
44751
44202
44201
84526
68796
68795
70495
59783
20298
59788
41523
48070
27822
57926
9387
57922
39633
791
9383
9389
83381
78766
40922
40924
72078
72075
68863
1130
72070
1134
26338
42976
15134
31765
80521
7144
39555
33890
81447
78115
71796
34510
8505
34517
76225
79572
34048
92514
95231
92518
95239
31492
31493
50329
50453
50323
66549
18281
2
47259
66543
61011
26520
16984
24747
74913
28894
97932
35646
1929
77793
77791
35648
77795
77794
89213
89215
11244
11241
11242
65046
32915
51492
16027
56649
56316
56645
17370
52365
56311
90853
25363
93396
61276
61275
65953
65950
65951
51142
51144
69013
86842
86841
60054
69016
69015
81817
73224
25503
36343
36342
25506
42372
80639
16686
72252
74267
16682
80631
75793
94240
98148
4888
4889
10356
4881
4882
2706
2700
4886
93823
93822
93824
39821
10686
54525
61901
42192
52147
52145
52142
97496
6252
12260
6257
53540
53543
53549
88569
18994
70306
42995
15285
89137
58480
88564
37349
3470
834
8881
18976
21465
20591
48260
45343
41317
84733
44566
44565
44563
86466
15634
40041
40043
71967
80850
68301
68651
1729
13134
31336
52993
78565
52047
33973
33970
3000
28469
58579
54019
3008
56010
94910
45966
91437
17968
48482
62105
95448
62100
1584
38012
9106
95446
66687
31028
66682
89023
31530
51633
37231
59197
59199
67880
83173
83174
67889
4830
23731
23738
72686
27025
48877
72680
16982
72688
51790
59223
12468
15305
12467
30953
95393
35075
68493
95396
73624
50849
19485
3914
3913
36719
74076
74070
68498
82283
6733
6737
321
56411
98622
35250
73489
50155
89338
39052
92700
92707
73956
216
55502
32706
19264
16766
32709
96661
96667
25070
12074
6081
77475
69220
62036
20819
25773
81489
43768
30713
43817
43764
25778
43766
43810
51278
46738
46734
49501
24822
98088
75308
3648
90444
81731
81733
2554
90443
45424
94287
80246
11151
57237
43105
98887
98882
58018
46880
82459
38832
62828
38836
17417
38838
17140
17411
90621
36756
60477
25192
70177
13309
4417
60423
4411
80285
36287
80289
14829
14823
14820
64215
45287
64218
83081
36138
36139
80463
80462
80466
44775
27591
41052
84505
41058
70355
48019
59769
48010
48011
40900
44480
40862
29255
43869
39610
57902
11814
11815
37085
33707
33700
18504
18507
43867
18509
78355
78353
78350
71550
72058
15155
34286
15156
15159
15158
79082
76792
39533
39535
59506
17589
505
502
78688
78689
33565
37888
78170
78171
88500
8072
88504
12893
34063
44957
26644
92577
1216
39283
86612
66218
638
1113
68516
47909
47908
1116
47907
28075
47273
28073
22617
29107
23131
77266
4580
6789
91371
79220
428
28617
79559
28615
92397
73013
73019
92399
43375
4785
4780
19014
89278
32936
5822
93629
5824
5826
89270
32938
74480
11264
61070
87884
8262
65028
64774
56621
64771
64773
25343
51160
51167
74792
19708
74791
23964
11061
82618
82619
27273
61296
65970
97811
43592
198
81832
64513
193
69076
74240
74243
74246
8661
42424
17898
56334
17310
12799
17315
52304
17317
72848
12791
57575
9157
9156
57571
9150
70093
16400
63743
61923
12244
6278
79361
18050
53214
24121
46944
21444
96501
21330
80581
63562
46949
3452
75110
3457
852
22975
22974
36065
45367
41996
16243
94034
44549
80877
40063
44547
40064
14148
14145
14146
14143
68678
41193
37595
68675
54913
90161
70896
13119
78543
78544
14369
17947
58596
33913
33912
58593
18334
27473
19560
14356
94932
38030
62167
87068
91141
14359
76734
19566
55073
66664
66915
89049
66913
66663
47591
85931
96283
83194
83195
83192
23752
23202
47735
1300
23757
23207
1309
47738
27040
51001
27044
29456
27048
48819
59249
15368
20881
59240
59242
15366
12405
31516
35010
35017
50796
50828
92492
92145
78961
81726
19460
3933
32542
66449
34726
6719
72550
88313
9902
73970
56437
34937
50171
19209
19201
32092
55520
32764
22153
22409
22408
22405
22402
69243
69241
69246
81138
77457
26310
10123
82803
82802
24809
46718
75322
3662
49073
46711
21835
3668
24804
73202
90422
90420
90426
91311
90424
90428
64985
93457
93454
96132
21863
17434
97512
98202
98203
5038
97514
97519
97518
98209
38859
60406
13320
13322
38851
38587
52534
60408
70159
74676
53912
36734
74671
70156
90494
80265
64937
47547
85343
14874
41294
48651
27111
62376
62806
62373
62371
27593
4151
48382
87275
81983
85698
49384
46571
85695
45006
59745
48033
27865
27866
87189
69534
45009
83690
83692
53661
62019
45657
10479
95609
29273
58926
71208
18839
11877
18529
33768
35990
18831
18830
37062
87379
15179
59528
30588
7103
39519
31728
49924
37789
86582
66302
1687
47948
18783
33584
67275
28039
83030
67272
34004
50361
29988
95271
40652
14776
14777
58436
24258
24253
24251
1469
72034
72036
72039
76008
94898
22779
24782
4238
4233
4232
13920
28631
72014
28635
28638
89780
89787
28017
76262
72960
43622
76266
91354
91601
91600
50585
35606
319
31980
35600
95854
92807
77677
92801
89257
89256
89527
89526
11205
66493
43352
89258
51366
32957
32954
88783
88781
88787
1334
87862
69588
64759
64752
64751
64750
69584
69587
60893
55989
28357
51183
51180
65912
6218
82324
2298
6818
51985
74518
55950
80675
74516
97727
97720
70343
54982
19643
10917
56350
10912
56605
5906
17334
17330
7926
95470
71297
7295
53059
59623
10313
53052
39
7929
16424
93014
6297
69725
81674
81671
81670
69051
60093
60099
69059
53278
53279
63542
17563
400
37471
49248
46969
46960
21313
75179
38447
56975
56972
79843
75170
873
38449
90985
70524
97620
4598
4840
4843
21426
44528
71694
71927
3910
21427
80895
57691
5201
5200
5202
96928
79592
11993
11992
14167
54584
62498
72905
36076
36072
90180
33937
14346
33935
14344
33241
33240
33930
18319
78523
62636
3048
38053
38052
21428
17924
61383
63276
3045
94409
3047
20378
87048
20371
27412
45924
44034
40004
83208
40008
67042
67043
1094
66398
85916
89064
66645
47168
41716
15698
57510
6393
29510
45684
47715
28931
28935
12420
12422
6904
8687
82138
82136
82133
48835
26243
64143
74857
7731
35033
35034
7736
91837
32569
72574
55099
55095
55096
78943
32566
32565
8358
48994
88333
8355
41576
35292
35293
39092
73993
39091
24445
24448
50116
50117
66028
82793
82791
61555
65615
55540
94555
55547
61558
65612
22428
22421
22426
81118
77438
77439
43726
86326
81111
26331
27935
69264
69267
5783
3605
82861
75349
60396
94248
94249
94246
94244
60399
57768
90407
51645
11438
32743
19220
93474
93470
38876
38875
17103
98228
38872
17108
52519
98227
4453
60172
13341
13349
958
57496
74160
74163
74162
952
36240
49013
42093
24865
80795
80794
80245
87212
87215
41274
41277
84097
44439
85145
95593
95594
42899
12167
77156
42891
46591
6339
27889
41011
53642
29217
29219
29218
10106
10101
21766
21763
63155
1145
54919
37043
37040
8901
37046
54910
54267
65930
30219
59096
73973
81478
44194
26934
83133
26931
7120
49902
49901
65285
59557
1663
67709
67704
67702
80998
2829
35996
50345
69924
26687
71488
2823
28032
58416
3381
66251
58418
5419
72018
72017
94874
68881
79046
79041
1406
1404
77883
77887
4210
77221
35198
18042
68060
5576
1541
30077
58534
76286
91622
91620
38266
79596
79595
91336
35375
35374
95833
35379
336
73507
11229
97925
11222
19058
87845
87847
51434
51435
87848
32975
51346
25907
22305
25651
25302
29112
23430
40510
82300
82650
82657
35404
82659
94481
7373
92822
96566
74281
72244
32358
32355
32356
42857
64883
10939
56373
56374
16994
63702
93888
9447
9444
16999
65427
65423
65420
61960
16440
79529
16446
65428
13236
33143
69702
69700
81877
64086
81875
81306
81302
85558
42282
63839
54312
75624
21378
3415
75621
3411
37451
21370
21371
46907
75159
46905
79861
56959
94054
94058
53074
13488
8024
4863
4860
4861
30141
70501
18483
33480
71676
59164
1937
17712
13155
13151
20683
10593
62770
54700
92253
54709
71011
18660
71017
91100
45903
27431
38078
38074
63704
52075
30682
44503
44056
44055
40023
40022
68944
68945
47556
47557
12993
67396
21525
29532
78507
78056
78501
29024
78593
76541
22696
76549
59289
15414
65079
15416
6926
8117
6922
7711
50756
86771
92458
26741
7718
92456
92103
50759
66627
68468
88350
8375
61396
8371
91814
67932
74171
96080
28951
47087
47080
28772
24425
47089
22443
22445
61576
77147
69932
26356
4001
68682
13717
43252
3972
55700
55701
19427
19429
93271
3629
52281
52286
98794
97083
98790
98791
98793
81792
73241
60374
73243
56221
60373
35419
57702
15796
57708
96688
55562
6885
71529
16299
51886
96170
96171
93416
93417
96175
52065
98246
13368
90683
90688
13364
13365
4477
13367
85300
74140
80227
74148
82510
82841
24847
46755
24844
46751
48356
45598
66329
41251
41257
87231
36194
16870
16878
6316
97552
97222
42612
6319
90024
70265
45042
59877
45041
45046
45047
90028
1028
9652
10128
29237
10122
10434
29231
54934
54930
21745
33013
37028
49699
71244
78334
71242
62845
46904
62847
25737
8961
25045
78194
80911
78197
78191
80914
26912
26917
86543
86540
49969
77036
1642
80438
68714
83078
29491
38467
29949
40617
571
83072
29943
18297
24216
68575
68573
68572
68570
3360
3363
30271
79069
67450
94853
79062
34228
79064
13962
13963
4271
4270
35175
67987
4279
18124
89747
72926
38244
38246
91649
70050
59435
34595
76040
26919
31325
15574
31321
5886
23630
93641
23632
15065
61760
87793
30890
87796
87797
27745
27744
87828
48976
73743
22326
55631
25679
45052
74770
25673
25671
25676
23989
93127
23450
23985
82672
82675
7504
355
73523
92846
96400
73526
39114
39118
9888
74550
74553
74559
61186
32333
34442
88162
98494
84859
34441
69549
64719
69544
69899
10956
17638
10954
64862
5066
98115
63721
61989
61986
77607
77600
27354
43067
43064
26169
91715
43061
2257
69092
69763
26166
69096
4636
49752
46257
49751
46252
21356
49207
63583
63581
85531
94465
63857
42912
52497
75600
52491
22913
4096
2784
60583
41938
94031
56933
41933
57041
57515
10606
11600
57046
90232
10608
55813
58864
96962
58646
58860
58861
14126
11951
11953
68388
27986
27985
27983
17736
62457
3221
27989
62983
70386
60636
60637
9797
41980
36031
36521
5730
62184
62185
12030
5733
84662
18602
54091
84669
33204
54095
18605
20403
34962
94440
62670
20408
91124
94445
46874
61039
71659
87474
18667
76382
54849
85950
37902
68967
45197
85955
18661
70925
41758
44820
70922
59114
15655
29002
29551
7087
29008
37923
62618
9805
76567
91104
6492
79656
76568
39324
20721
6942
6947
50732
86752
92478
26768
95313
26766
50739
47575
25836
47572
66357
66351
47579
61377
34786
91876
91874
34782
77384
40402
4393
28753
1365
28979
478
28973
28200
3199
61518
22468
61511
61517
4027
81400
69951
4021
26377
86368
26373
26370
89176
11381
89174
93251
89171
93788
3998
3997
32834
93780
19156
32521
19400
56583
94200
94206
56238
73268
43186
60352
20637
96151
96153
23842
23840
96157
57720
27174
65659
295
27179
86986
52008
69373
56052
56054
56057
69379
36204
44980
80758
74120
80205
74122
74125
82532
75830
75833
46007
42584
46004
8169
2443
2440
64298
64295
93926
7860
95554
39925
95551
57181
39920
57183
85189
16813
16815
16814
6379
97200
69812
10141
70249
70719
39699
90002
10418
63112
63115
63116
40980
40982
9633
9324
49322
33072
8940
8944
8947
33075
8949
21723
21727
85671
45645
84055
83589
86563
40189
49947
49945
58189
84586
3204
68775
84581
68779
68778
84588
58184
45061
48096
41585
59858
86693
2869
550
40363
24238
33697
14240
14241
54378
76714
94833
62247
76713
1191
3344
34200
30523
30522
4259
35159
35158
31698
13941
31696
31690
4254
35155
4256
5536
87619
67217
67215
83721
83052
67747
83050
67219
89545
89541
89812
66168
7206
51474
47323
51479
59327
15041
6571
97842
87800
97848
29614
74404
73724
25942
29619
29618
25946
23475
74716
3838
76975
76976
72419
50075
7520
35841
92318
92316
73094
96529
55936
55246
55241
51290
96520
96525
74821
96527
88140
6140
88639
52899
10972
70827
77598
25614
64842
26490
26491
26497
51947
46490
46491
18546
46495
16489
16484
75448
65462
75446
75441
65465
69747
77627
2273
26147
26149
7716
56245
11592
93536
43510
46278
42930
94015
56915
17285
41918
70012
2054
4827
13446
13441
11623
9401
11620
11625
57064
33199
58660
58663
58840
58841
81965
64334
81967
27969
81963
30069
72910
20642
36541
36014
36546
36549
13195
60655
80565
85040
85519
21419
80568
62656
63266
84649
90948
20462
48135
34941
48424
95766
95764
83918
83919
64685
67023
18444
18447
64687
71634
71639
41771
12957
41775
76363
70902
59138
70907
802
59132
59134
63303
7063
7061
60095
86846
33225
54740
78015
33229
15906
6963
79639
8629
6967
15458
8153
34413
79635
92413
40796
95377
92419
40799
67682
50248
26702
26703
86732
50714
31592
50716
47511
43970
40278
88825
40426
40424
40429
40428
14505
66089
41541
415
28229
28228
38163
419
87120
86340
69972
77106
72895
69100
15883
64423
96314
66885
66884
51590
55742
91508
5275
69109
56214
35456
51624
19285
23865
83630
23862
23863
82082
65857
65858
25136
25130
64109
60486
60484
25139
81282
74457
74450
25421
25424
56353
46069
80772
6688
98061
52240
82881
97043
2429
53194
39900
2424
53199
63681
32107
95578
80484
32103
68330
95573
93906
32108
95574
61826
6357
61825
6352
85026
6350
26350
29294
52020
52021
40766
97597
70229
10169
9347
95689
70223
90060
57309
63467
33058
84076
75272
53145
14881
33052
84078
14886
14887
48307
48309
41213
44681
44680
86506
40168
44689
44688
40162
85708
47235
14086
83146
84252
84254
1978
2161
3227
96881
96886
68751
53149
70734
13274
59013
70733
45087
45080
71175
71174
40308
44351
2844
44355
44354
2840
58303
3321
3325
5470
5478
45887
76771
79029
76775
38756
76779
79023
94811
30508
30502
34881
18166
324
18160
78731
5512
34083
34081
34085
1559
79285
29900
29903
29905
67768
29908
96351
67763
67761
67760
47306
47304
47303
47301
66414
66415
66140
65377
76197
48932
51450
15023
15022
15025
59301
59302
31104
31107
73700
39482
39485
74738
74908
3815
74731
74737
34626
72478
34623
8451
1973
8458
39156
3174
76174
92338
7549
50051
50055
50054
35687
46729
32669
51908
76207
19344
51907
55269
74841
19340
19342
88619
6160
65191
6165
88612
86083
60811
4999
32325
84811
84195
56686
4388
24611
25632
12339
65337
65334
36385
24945
46472
46473
88549
38990
38995
75462
31816
31814
31812
86883
43539
96055
96051
96050
96053
88170
43022
74599
75642
98543
46211
33351
75648
41976
6567
41979
25091
70039
70038
70033
4515
85282
85284
11640
9422
9424
92248
52765
62411
5282
3319
58824
17778
81946
60678
20662
81949
81948
51669
51884
14671
42951
80548
21392
63894
80014
85061
20447
20914
20911
20910
84623
84626
83936
29081
83939
63094
95748
9280
33420
33424
54507
11916
23858
71616
15613
15610
59155
30196
76690
51325
76697
7047
10202
53410
70961
53418
63327
18390
37747
37212
18397
30999
6987
6985
86716
26724
39361
92435
21161
86719
66315
66317
2982
2981
24371
68255
68252
47532
47533
1011
1012
68259
77344
67953
77340
67401
50191
11004
11008
48392
41429
38143
38142
79612
72644
72645
94598
73118
73114
73110
11344
11346
32871
32874
96330
93747
93212
96334
93743
89135
88842
91522
96191
47461
76837
81315
51384
23803
6892
81310
81311
27136
46937
87919
25404
69332
20902
43942
32294
16584
32290
80717
51386
88267
24197
21899
74933
49210
46043
21891
10835
56272
10839
45596
39961
95515
95517
83751
2468
90591
19801
21094
16366
21090
75636
24761
64126
75635
64120
64121
26263
26262
64128
56090
90865
85490
9368
53311
9360
37511
49185
49634
49631
56895
1839
3791
3792
62236
81000
4986
41893
45535
41895
45247
90325
44110
1951
58148
49983
14064
49455
49984
41091
94607
94604
94605
94603
41097
68004
36975
70202
70751
90732
36971
70758
59813
59815
18985
94047
71409
71155
41921
58498
1484
58493
5496
94043
54336
5491
76758
20058
48585
48586
20057
53003
40144
40146
2799
40141
83895
83899
40486
78753
78757
78754
85879
47605
2790
13497
40320
40857
44375
29439
2794
29385
29926
29389
514
44378
47671
626
66122
66123
28387
23120
23651
8292
8297
6531
72183
30388
73854
8241
25988
73853
59366
41849
59700
73453
30800
31164
19766
24480
3879
72454
55469
72451
91952
79408
55463
72458
34605
34603
44804
73587
66435
24584
15434
24583
95064
50523
96434
50527
50524
88184
88185
55200
32600
88188
19325
36992
52962
84834
88672
22297
22523
49858
60876
69838
4161
69525
69524
26452
69522
53624
96295
24635
98384
75406
46180
22748
73325
29987
22741
8644
43004
71249
43006
43555
2231
69780
69786
31833
5937
51925
19630
93008
5931
74868
5938
17573
97658
60258
17577
3492
97653
41959
4577
90921
46453
85262
46459
45187
20600
20602
20605
62430
52784
62924
62920
72311
25217
64371
60690
74315
74312
46232
85009
42209
42208
42979
46239
42207
46989
80525
20933
45761
45767
20935
48468
48464
48462
41400
83951
78233
44581
18408
58802
54528
33407
11935
18405
18407
70415
30178
12914
12916
9005
81164
53434
10227
37237
49843
78589
78585
62199
24038
37728
84604
84351
91569
54783
27424
37720
37726
37727
48163
60784
83372
64554
91943
15943
7790
38062
7797
58775
58771
24352
66334
24357
66330
76320
68278
26915
76329
1031
68272
40461
67426
67420
40374
20863
4372
4374
14541
38129
15495
15496
36362
79368
79369
8666
17892
91724
72663
17897
91093
31445
13792
77495
77496
89110
66590
89117
66847
91895
5728
32859
51554
51556
51551
19131
88868
61313
61642
61643
35496
35492
47114
93491
23353
47110
85446
11493
11494
65816
65815
65814
82774
8082
82778
22194
43966
42564
74418
55694
42567
80738
80736
74412
42568
55698
12679
12675
98718
44983
47131
64488
92011
52207
63645
53159
67232
57698
7807
57695
57696
57123
57120
53154
32148
65760
42695
19862
16305
65768
19866
46674
64142
26242
2394
60195
86293
26245
26248
2399
80196
48209
41741
21211
21213
21212
37532
21216
45517
79963
79969
2170
4969
72305
4964
14047
39270
80991
28134
49478
84294
62596
1931
3265
3264
1935
84293
58160
62599
68102
60737
94628
94629
5435
94620
36912
36916
53840
70770
90717
53849
14220
14957
54644
71422
71133
71132
18211
18213
38710
38711
62778
5045
76048
20038
68109
30543
44171
44170
40121
83565
85816
81392
87676
41611
15794
87672
91399
76737
91397
91392
83743
59697
40879
40876
40872
79794
23109
38571
79791
47611
23100
1201
13960
59342
15570
15577
59347
8277
469
87714
77861
77862
77868
73838
78779
31634
6635
78829
55449
91970
88472
88473
91979
79428
78825
67855
463
8410
8417
34665
35827
35826
35824
44827
50547
50549
44829
95896
66106
66109
69357
61108
88225
33081
61102
52944
18129
86049
86048
60850
86042
24658
3853
96275
96274
33089
96272
82908
98368
22769
82907
98363
93522
35530
8261
79243
77686
77681
73301
73302
89304
93521
89300
95329
19303
24153
55994
96011
55998
5917
19659
93026
55228
98509
29303
38480
38486
38485
98501
90940
13427
13426
4554
13423
4550
32162
11681
57591
65488
69105
63629
64352
69103
27904
27903
69108
25234
85021
85022
85024
16790
80058
49288
6075
6071
42223
49284
24166
42224
20951
45703
4541
7343
7341
95709
10790
21051
10020
21687
4542
21683
21681
62906
84192
84191
35310
33175
12333
70437
70439
29088
53459
7000
29082
10246
10247
24019
33288
21531
84371
84374
68476
68474
68473
743
29886
83351
67192
67193
24330
24335
24334
2942
47863
1053
1054
58754
1059
58753
30154
4313
4317
77303
40483
18027
18024
37870
81595
2376
18028
18029
91704
81597
91702
62011
62018
38108
30732
59794
15965
87799
34475
8642
8643
8641
50488
35708
50487
35700
50951
23594
5745
47280
86402
11300
5749
93709
11307
91568
51572
49676
55055
67994
67997
25823
25828
66715
74651
74650
47130
74656
61592
61598
76874
82023
76876
73154
73157
39271
89453
74437
74435
74434
16549
42501
16091
16546
98770
97025
12657
97021
12654
10878
69482
69483
69489
10873
61503
52885
16891
63992
63993
63994
19842
19840
96737
19518
61841
20321
61847
61849
65749
21050
21055
52080
97284
43903
43902
86907
69666
2377
81223
26227
81593
46371
77175
46372
49679
63196
1875
98193
4945
45573
41858
4943
4942
41857
57105
57106
53134
57102
83153
53139
81046
81047
90551
54481
14027
14024
14025
58109
6045
49490
17057
5109
3284
68043
5107
54035
94649
90080
25886
36939
54036
36930
90773
36424
36393
2623
33345
54663
20012
34867
20015
20016
38730
38731
62713
94704
83501
83503
83504
83509
54487
93262
14459
40100
40101
44151
40107
84410
47457
41679
15779
6869
87695
15777
6867
87691
15773
91451
57817
17987
28402
71449
40817
74806
76464
76463
1263
72147
664
663
662
76468
72142
30838
59418
8783
15513
59417
8786
59977
31613
73812
77841
29692
18087
37113
78792
98011
72369
8435
8436
79441
88418
72365
79444
79447
60710
9821
9823
33810
9829
86128
86126
86122
47637
66479
89890
47639
22566
87996
76231
61125
63626
73250
24672
92181
24676
57361
13868
32421
96253
62975
28120
5682
98348
98340
22782
98346
10496
81695
93422
93043
89320
93045
54749
27094
27097
27090
27092
51744
51217
5970
51212
19675
51742
34779
69296
60522
52432
56770
60529
56997
90968
88165
90960
65625
16048
24928
65352
65353
82925
46148
65357
24922
46415
45499
69121
64400
69895
64409
64408
45495
70421
36095
36091
42711
51670
80076
64860
97613
6058
97618
6057
97349
70182
70180
2638
70637
10008
10009
20018
9223
9221
54871
54874
54877
62965
84175
89486
12351
52013
10265
53477
58176
5401
78095
66227
3545
21558
68457
75000
37270
37271
49806
36213
24074
47229
41440
20974
68182
68180
57892
84314
84317
2963
44451
29867
26789
29863
40713
765
54290
87376
71586
24313
71582
68231
47840
66042
47846
30915
13006
16041
76677
76675
78637
78631
4338
4336
77983
77987
31262
54120
37858
14588
89666
27524
72804
72805
20202
17857
17854
38079
67605
15987
44887
66806
31401
51517
52821
51519
5767
23574
59065
15187
61600
61606
59060
91589
91584
27663
67463
67469
25806
74631
5186
28808
25589
77276
15325
72771
23313
47156
76858
42040
82002
12516
15237
35726
39259
92584
73
77188
92233
15778
93189
74189
93184
52253
62
6600
12636
42522
88759
71847
88209
10855
84957
56564
98752
98753
98755
85532
60955
92052
92055
60950
21032
19536
96752
96753
63603
32181
96754
63971
65729
65721
12186
85535
12182
26206
26203
69609
43387
43438
43929
2352
75607
2357
69604
46353
46351
21960
21964
49124
49127
46601
42381
17691
17694
17697
75764
68228
56389
3732
75763
2137
81063
4694
81066
4924
41873
4698
79920
90579
41875
57161
11722
93981
93982
53117
43650
57168
43652
14008
5161
5163
97401
54468
4801
58127
14002
97409
14006
20781
94665
36404
90754
36401
57389
72512
9695
54608
84783
58380
54607
33325
87328
48294
20566
87326
48292
36660
36665
83528
83525
39899
44609
80337
57045
44600
44607
41653
41650
84434
1792
11602
41129
1794
70846
6848
6849
59658
6844
95132
40386
57839
95135
95134
40839
83786
29322
33634
33635
59384
30850
6595
59383
94981
6599
11057
76443
95054
95055
95056
39404
37242
59471
59476
95059
9942
31671
86496
7636
81012
47432
37134
92767
70707
55305
88439
34118
34119
33461
34111
51335
79334
40522
9846
89700
67810
73939
72812
59670
72811
641
640
645
3097
23149
648
56474
28322
29697
28320
23140
22541
22234
22545
4107
69857
77537
39681
52358
24691
72346
72345
79464
39685
55157
55403
91248
55401
92911
73342
92914
73433
73347
56176
38912
16219
35574
89349
93068
96587
5958
93065
11536
11535
88695
88690
88691
61411
34136
37039
8985
56711
56716
25012
46160
46163
51954
75973
97184
97185
98329
27347
94361
64398
25273
25271
64463
69142
23934
25279
46292
46295
42265
42260
17260
6033
6030
10063
39792
84664
9209
90326
75396
12376
33133
75398
54093
39371
84156
44295
10286
18606
10283
53491
49820
21572
21574
49825
49828
49829
42848
46838
75023
75022
98811
84332
17483
17482
17488
45901
41469
4481
41460
41462
48194
41464
2903
40739
86797
86793
40736
58710
58247
58718
58719
20409
58248
143
76611
20194
79121
79126
64016
79125
76619
38677
64541
13027
30447
30445
30440
31799
31249
46746
31241
31245
17876
11088
60049
28794
37836
17879
87156
27500
20227
27505
20224
91036
20229
79694
62057
94511
67664
67665
29849
89421
89423
66284
66288
27645
23088
51539
97967
38054
29157
87495
67484
25861
25866
25867
47171
47172
74619
26066
47178
26065
87542
34561
34562
72755
72750
84591
88598
12579
74290
35743
31423
31422
50914
39236
19082
51397
16054
19731
19733
74274
88771
22683
22682
12614
12613
12612
22688
69444
40375
92070
29959
52842
52843
24735
24734
24730
68965
50625
60970
12503
85953
61883
19882
19552
19554
65709
65708
14553
22060
22067
22064
75567
75564
75562
69620
13627
86941
4710
81264
89092
13628
25489
43413
14251
3717
49103
46333
46620
21907
76867
79900
75709
79904
79907
56815
75703
17672
96331
56813
17671
60288
13566
13567
81084
4902
60285
4672
96770
6133
63953
32311
96779
57142
63958
62530
62534
5147
73145
5142
29550
60757
81884
94688
60750
52662
17010
60029
52667
81888
70288
36466
36465
53398
80682
80681
28572
35758
48504
48506
62289
62282
20501
20504
34827
95482
83818
36686
36685
83816
7249
39813
42102
93818
39811
42108
15886
59676
84459
6824
59678
15889
75916
57852
95153
57851
29305
8811
37331
59904
97889
97888
30874
8216
44081
96478
95039
6490
31652
37159
68371
47419
47415
47413
72604
67837
67343
34173
57437
34176
35881
86161
49474
40508
92682
40500
44883
11146
11143
14420
14428
38085
72105
76132
72108
1510
1512
77551
82726
77556
55372
89759
35089
13818
13819
10523
13812
13813
32399
96212
88904
91261
34680
91266
38334
79487
91268
14846
35221
35551
73416
35229
54203
89367
89364
11555
86757
51701
51256
55287
51709
51258
65179
65138
22212
87959
22219
48887
43881
43882
86758
43886
27364
78990
75954
82216
75952
75951
57280
25296
85082
19947
19944
51875
32021
269
94090
55829
6011
88015
6017
88011
56737
56738
97290
97306
52472
9261
37426
9264
36853
36851
36857
36856
984
49591
11943
63033
63032
37422
12398
84138
12395
85655
81742
96062
45102
45101
85624
42829
46818
21598
824
46812
3508
3509
22868
38530
5081
5080
75045
68416
98876
2671
90300
822
2929
10763
5332
5335
58264
5338
18591
14637
14636
53176
30464
23625
76637
30469
83480
83484
36140
13041
70490
33515
37811
33845
18044
89995
37816
18738
3178
94537
17814
62077
3170
91019
30790
2364
87178
20243
87177
87173
723
29797
29828
69123
1166
47995
47993
23534
23539
89195
27622
76091
27621
76094
73731
25844
73730
80844
97904
29178
31229
29175
42399
47196
47195
47192
47190
8553
12552
57925
34547
8557
87567
8005
8558
88576
72737
8002
27197
92271
57920
39216
39219
67148
35769
7468
34336
35945
50397
50392
50937
65096
32239
65091
65090
19713
19711
19715
84916
52862
88711
88713
22666
22660
60917
69425
26575
26573
50648
66772
50643
66779
75544
75545
61204
75547
22462
71579
22003
73069
22006
31912
4730
4731
43475
43477
43479
86217
81534
81243
69394
13735
5857
74494
5858
5859
17655
3777
17651
40995
45542
17389
4688
4653
41835
81078
81336
4658
56835
90538
43694
57619
90536
51115
7888
2108
51111
96799
11761
96793
53127
52640
72076
52646
62516
93256
6055
60005
36449
21290
49165
21294
49166
21298
80117
85436
80114
48562
45665
45846
48565
20529
45848
41346
83879
83878
10388
16921
7268
42129
6203
42124
42125
42127
7511
6808
26992
41163
15866
15713
15860
14012
53513
95176
10561
57873
10567
95172
29367
93783
9748
70807
21434
78441
21430
78444
20796
78448
79756
21439
63201
3013
8834
8836
33675
18925
54397
67586
30328
67581
59926
30637
95018
7678
56587
7675
37172
37170
68353
84476
84478
1756
68359
68600
34999
29581
29580
67365
24520
71794
40562
86184
50090
1284
58520
47695
34334
14407
76157
72129
91465
681
79710
94942
34046
50893
66988
76228
28186
28184
13870
8495
72383
91200
72387
91207
35205
73473
5997
5992
11576
11573
5998
28988
11570
87974
87970
51275
25058
25724
25054
25722
39240
46128
6780
82980
82986
82236
46120
46127
73380
39003
73383
98677
57267
57261
245
69556
51859
55804
32005
32003
22497
97323
98585
12008
12007
12004
12000
12001
64601
26387
64602
69983
81180
97113
60137
63056
95780
9536
9242
57405
57404
64606
65514
86672
46785
49574
49575
24890
24893
98859
84119
3691
90495
47252
90493
16494
81768
26030
69183
81980
42804
42803
75067
23019
46878
3523
49312
58067
58064
46871
75069
58061
38518
36786
90670
90677
53721
53722
36836
70121
70120
70650
71839
54981
14872
71525
71290
78384
62896
20351
58207
78678
30407
13068
44256
44250
83468
83469
33533
70767
33537
18719
18714
18716
18717
54180
71745
79382
94553
79381
79386
91077
38189
91075
62094
91079
62093
17837
87110
87115
40952
44437
29777
29805
1140
68832
23049
85323
27609
59005
59553
39584
39586
77963
66523
47074
7198
31755
7192
31756
7197
31753
31752
72246
72712
79525
72718
76219
13
79528
767
29860
8022
12825
34522
34525
88555
44927
7443
26632
7447
75838
6405
95201
70857
92523
95202
82412
35925
88735
88733
88732
65075
55320
65076
24317
82416
22647
22644
4280
13990
77292
6873
74925
24773
66790
24777
66792
61229
61221
65217
81514
77037
77035
77030
40821
43326
4755
43450
55634
5876
19774
55632
32259
11293
11294
3758
56855
98114
98447
98112
3756
13527
4639
13529
60241
52511
1301
51130
63913
63915
63917
20893
20726
25556
25555
165
36319
80173
74218
6195
42329
42324
42322
42323
49141
42493
45869
2736
41368
87349
48540
48541
2738
45641
45867
9186
9180
83857
57098
80394
80397
16908
80391
80390
80393
97462
12214
676
97468
70823
90111
59637
40890
40897
57899
29347
40898
10502
95191
10504
6400
37378
63260
24178
78464
63264
62790
62799
33807
8857
14138
59948
67568
59946
71994
80824
40095
5274
1774
5273
53600
68629
41141
84496
84497
84494
25253
73929
40540
40544
58672
18366
37992
79579
91767
17996
11108
62136
1554
1557
1556
58541
28341
14460
3030
3032
34312
30612
8705
72809
19747
94967
94966
31565
23196
5606
5600
66965
45948
64792
91227
38371
91220
81515
25257
88940
35592
35591
94341
93599
19259
23703
58984
12455
6425
15332
82439
16184
39390
25709
74020
74022
25701
55793
55792
72500
97120
98615
6769
98619
6764
91161
56118
88935
39020
73902
73456
73457
56113
56442
9978
96612
63592
96615
57241
41626
55869
12025
65681
51830
55865
32067
42791
88057
79495
81169
64626
81167
69211
81160
86564
49551
75886
75881
75883
49080
65531
45417
64959
43821
43150
81701
64955
64486
64957
64484
46506
61602
85669
46502
49339
49888
85665
84391
52563
22827
75087
22824
72193
94108
38572
27669
60478
57426
10771
53746
9513
70100
36761
36810
58222
58223
18888
18889
14679
14678
18885
18554
18882
48687
58475
62307
34978
62301
87288
21644
87281
13080
13083
92957
44231
44235
44238
44239
36107
84533
18772
33880
33887
33884
91058
84587
87135
48065
72880
20284
48069
72883
94575
59799
59798
39625
83621
67171
57933
10191
83628
1528
39628
29289
58180
29282
40935
1129
68819
1120
72089
1125
1126
67237
97903
59577
25883
15106
48544
77771
39567
39565
39561
78103
31779
31778
89950
89951
74638
12596
8515
55007
34501
34052
85781
67797
67794
67790
67791
12842
12847
67798
26563
31483
31485
35905
86665
26615
44902
24289
23060
89485
24281
66556
66555
23068
85462
65059
22625
65052
65050
88281
26535
26538
24755
28661
554
75509
61240
61241
75506
81573
69681
31953
69687
69685
73022
14710
96421
93103
43305
55300
51486
55654
32277
32275
5813
5814
19023
56651
58323
56879
53512
17341
25392
60268
25397
13502
55432
93362
65237
14614
82379
27228
77187
60047
69024
86875
64542
64015
81390
60040
52172
64019
20874
52171
148
36371
25578
25579
74279
80625
80156
85475
80152
80622
3342
24764
2717
90280
70599
45626
45624
53089
7955
93815
95428
53081
39812
9161
10345
7958
42162
63799
16961
63796
97489
52682
36594
36592
53220
53551
36598
36599
9708
63249
9704
54682
14993
18967
21473
14999
21476
48214
45330
41308
48218
84701
86414
86416
86417
67543
81681
80841
80840
71971
31931
68317
68645
5257
1714
1719
96997
13942
35157
33946
920
54022
4257
14331
11129
58569
24567
94901
79753
53763
91424
91426
94908
17971
3015
59960
59965
30363
34992
31016
13873
31541
58978
89031
34194
34195
34197
38395
83167
67892
27083
66056
66055
54237
27081
66058
72694
47071
47073
23726
23725
15313
63503
48869
15310
6404
12474
82411
61495
87934
48866
59218
92054
19145
74044
26715
6745
6740
45969
32592
83725
98638
97102
97107
39049
35246
73928
35242
92774
92777
39047
9952
55514
51813
204
51816
16207
51818
96675
96676
55149
12047
12044
88078
56796
43822
43792
81148
43825
81142
81493
81495
85399
49536
49537
21860
37433
98092
98096
25027
98099
25067
2525
94298
2521
26075
45438
94292
45433
94297
45430
57220
90459
85135
25020
11463
43172
58021
85130
23272
58029
54013
94127
38804
17405
77722
94128
90633
90630
70168
4406
4407
90638
9571
36748
9577
9574
53944
53947
53765
86461
62320
62322
5394
58974
11802
33717
33715
33714
64207
45290
45295
64209
64208
83422
63788
43380
80453
80450
82267
90989
68786
97847
41539
70780
48001
27850
59777
9397
29730
39607
39604
95658
48297
71563
71560
71561
78349
78340
34293
34290
68873
68870
34298
27583
59511
59515
31714
26987
12822
89932
37654
78692
78691
71783
79569
73896
8066
72200
8065
1379
7480
7483
57917
86608
44969
50339
26672
50442
9390
86605
47240
14699
23006
66205
70043
9399
26517
23473
26515
1891
28608
28601
95865
73557
95860
92382
73559
73558
35655
4790
35651
35653
5836
93168
13587
11251
87890
32920
19006
60205
60209
79981
56321
56320
56635
79924
81436
74788
93387
72069
93382
51178
61262
82608
65965
65788
65785
26367
82600
27202
86858
64569
81808
86854
86856
43588
74524
74252
25510
36354
74528
93224
21980
89145
3006
98157
17363
12787
96802
10329
4890
39839
2777
16947
16940
9142
9491
95401
9144
12256
12254
12253
21181
42180
17097
53202
70318
70319
21457
51076
24133
28406
46959
63511
24138
84724
3465
3464
8898
8897
33381
8894
84729
48271
45354
41328
41988
41321
32646
86475
26867
7153
26865
26864
44003
32314
71957
1731
68666
68662
56226
71147
41185
71047
78573
71049
71048
48715
3070
18328
28470
54008
33969
3076
33964
33106
33967
54000
18326
94935
17958
45973
27441
17953
3947
17956
78696
83985
83987
59982
59980
66922
66927
31524
5640
85922
59184
59183
40587
29071
91027
75035
40588
47057
47056
23742
23745
47720
47722
27051
48806
51780
51781
87408
480
8725
15370
30922
15375
6467
50830
24284
95386
92170
3926
19497
19499
96382
82291
82294
34711
82298
65640
39068
50161
7550
5651
9935
73945
32719
32716
32717
19271
97383
97385
58384
6096
81122
81128
43778
51615
43773
44961
65575
46728
49049
44966
46096
42871
21664
21841
46721
75339
3677
2543
45805
2549
83172
96124
96653
93443
43112
57757
57750
58008
97521
58000
3589
58006
64195
17138
64190
38824
38825
36720
36724
90389
60431
70142
90380
12803
62348
48399
20139
64226
64225
20132
57363
48394
48397
87241
39993
44768
83407
42647
46897
46891
42643
85115
80471
81617
27875
41513
48023
27872
84574
41048
84576
28154
39661
39660
39663
2272
29714
95671
39666
54251
18513
8936
77988
8931
18514
11869
78362
8939
78365
15905
79092
76010
59538
7177
77257
84438
81618
86590
86593
31732
86596
37678
37675
38790
63856
37673
40705
30029
12886
12887
12884
12883
40646
86621
26658
95263
39295
86629
14764
66266
70845
43042
87412
23020
28592
28046
47910
73795
27325
77270
73792
73791
22372
73798
4224
4227
4220
5584
23
24796
38212
79543
58709
38218
79238
77050
5308
77052
73576
77056
11275
31998
66482
98229
31990
13687
66488
43341
51373
32942
93140
96461
23686
93143
48173
88797
29324
65017
65016
87877
87876
7857
60884
48172
60220
73550
23978
76900
51194
19480
65908
65901
27263
95541
82625
93499
15908
86836
69064
19685
51997
32363
70014
42437
56617
88886
56349
56348
98173
97737
70088
57562
10654
16433
16432
93851
93857
7915
53038
6288
6286
6280
11621
182
26137
20831
76445
53268
49252
49257
37466
37468
46979
63576
63574
49702
39401
84746
3448
22969
3447
38458
75103
45378
2753
44539
71932
71937
44027
10150
5217
14156
9331
14154
58616
92709
95058
70722
13100
13101
37285
18654
18305
18656
71067
33195
18658
78552
62157
73483
33908
38022
33902
33906
28455
28456
91179
19000
94411
79686
67506
50159
40078
90210
91753
66673
66670
91281
41706
79681
85902
85905
79980
29057
29508
29507
29506
29501
29503
32708
23766
66010
23762
34486
82103
12435
34485
6442
15420
34480
15350
27077
27076
15429
92151
92152
59252
54967
31502
50818
92480
50814
92486
35022
55083
91827
78974
32559
75269
3942
19475
32881
32882
32551
8328
8320
92730
73961
92732
88086
39089
92737
56421
24470
7193
61546
32773
19211
22146
22415
43754
69908
43752
81455
81456
43758
77424
13748
63879
40523
65599
21820
65591
40506
2569
5296
43134
43136
39950
2560
2564
2567
68667
93463
96101
57778
11421
57771
36167
25777
38594
59076
17442
52051
17111
52052
17448
52059
52058
52509
83597
60144
60142
60415
967
960
962
57488
42087
30949
24812
49063
80276
90375
85351
41280
48622
87262
62817
84082
62810
64248
64240
64242
85685
44708
44709
46561
42661
42660
42889
49054
42883
85177
42881
59732
3233
41067
27892
53677
90475
10463
28327
63140
1618
78307
63144
95616
8912
58280
58281
58286
18828
33024
18532
54901
11842
54271
11840
34251
30220
7110
29196
84249
29198
76521
49932
18798
18799
84225
37619
68199
67262
2551
29998
50374
40621
50378
33752
40625
29994
24268
58420
28029
76075
94885
76076
73774
73776
33993
77533
13919
90037
13911
13917
13915
5568
89793
5563
98151
27229
91618
72975
38273
38275
76290
17361
35346
309
31317
31316
31311
31313
307
11211
93610
43728
32962
51422
22312
61040
87851
25332
25333
69598
25336
69593
69591
97536
74742
27240
27241
76921
65298
82318
7414
42416
55943
55941
16188
74564
74567
74294
88113
97757
97756
12747
88118
52339
52998
10926
52333
52335
17326
56360
39879
53069
93873
7286
57018
93877
9454
93879
63779
95440
21144
16452
21142
52194
61958
32990
16535
61956
18622
26112
86812
86813
86814
16949
69047
56174
63551
63805
63555
63800
25197
63809
46919
21499
21361
37446
49233
22949
46917
94063
3422
84764
17582
79859
13306
2007
90990
4858
70539
4852
14171
71916
71667
14179
11988
54599
62269
58636
53247
10583
10582
90198
13163
90192
53248
11183
54043
54045
11184
33251
71001
33929
18678
71005
37910
78534
54739
76507
94478
94144
17912
45939
30699
20362
30696
20361
45936
34930
30690
44043
44047
83237
68955
47891
26120
68952
47899
53201
51239
87072
12982
12981
12989
58945
94571
58900
29030
29033
47768
79667
65114
442
1330
59271
87441
8697
8124
87444
8121
26757
26756
92134
21456
39315
36
35
31070
31077
61387
61386
31594
88320
19183
91809
55717
67920
8342
36060
67929
8344
67753
540
28927
28921
24456
63513
22980
22436
22430
82789
22433
82785
65604
65600
26325
73184
22129
77151
26329
86318
13765
69921
81474
3966
33380
22055
32571
19452
93265
32578
93260
96342
98782
52294
75808
98785
52290
3637
3634
82871
37406
60380
81780
94279
35402
81789
81788
35408
57710
11403
66155
32751
55574
19986
96160
96166
38865
94187
69636
94761
2347
61684
36279
85377
949
36273
36272
941
24872
24871
21806
42061
42060
45586
41268
48607
20174
48601
36180
36185
95588
67971
16842
16843
16840
48406
80439
95581
70274
41008
70270
41002
45050
59866
45055
70278
29202
97188
9664
29206
95635
10446
59316
18805
21774
63120
78323
78321
8970
33002
43393
62839
37585
19451
80927
80925
44186
26925
78189
37635
78183
49915
38167
84200
84206
26682
43723
40354
585
582
67719
67245
40359
40609
35988
24205
64467
50350
91415
35984
3391
47953
1433
3397
1431
28006
14724
28000
46462
30205
30207
79058
72001
79054
72003
68547
77239
73758
29251
77234
73754
18110
38257
38254
79583
1883
18503
91322
79273
8594
91321
2121
8076
71559
31335
31334
18506
11239
5892
47375
11237
87786
51408
87835
2126
55385
34636
4917
25647
25315
25641
86345
74763
23426
81422
82663
77107
92851
95806
92853
92852
95803
92673
95808
74811
74818
96578
32328
79087
57156
32321
32320
16611
16617
84844
22591
97779
97776
22599
97774
97773
53107
4867
57520
57526
93893
65416
65414
61979
24993
75493
62543
75494
43074
43076
43070
81863
81312
81866
26176
42296
24190
42293
49747
24196
63825
21349
3401
75634
22921
75632
3407
75147
75148
3408
38418
87461
94046
56922
60599
60598
38416
81220
57037
57031
90209
70510
2062
361
2797
2066
33490
74858
33499
14119
58878
17707
62449
91400
63580
62440
19608
20699
94691
36049
36517
36046
18610
20340
87015
48162
87012
20347
62661
38061
94455
38063
34919
87018
67011
83257
83259
53800
44063
44062
44061
68971
85946
33132
12968
15645
41740
15641
41747
15642
29015
7092
29010
29548
40298
71022
62071
79643
91792
76241
76552
8100
4036
8109
76558
6958
15461
15392
59295
15397
69571
92572
39338
86763
5113
86761
92113
95323
95257
34771
8362
34778
91860
91867
50140
77589
30278
28764
28763
82739
24431
61508
22455
89813
61502
81413
81412
86375
77176
81417
35792
77179
26349
11397
13708
82088
43248
13702
13703
13701
55777
93790
93241
93525
98018
52279
97090
52271
97094
98014
35422
60364
60363
23857
96142
93420
57734
68517
96148
51899
45835
27162
51892
51893
27169
27168
51896
16287
84337
69366
69360
69363
38886
38884
47278
68430
25451
21121
25458
80235
80239
74151
82506
4539
82505
82503
82500
42593
49023
82508
42118
2476
48378
47724
45213
87221
48370
28009
93935
7877
93933
57198
7879
15873
97540
92254
97233
97549
6300
90013
10132
70705
59841
10139
39689
9649
63102
40998
9647
9646
10426
53637
57995
8957
37030
54944
37034
71251
37038
49687
21752
8959
77634
41240
26900
40192
71876
40198
86579
86003
86571
21341
1634
68703
84269
48087
84593
84263
84264
86682
44300
2812
562
67226
29953
701
33687
14703
18283
24228
20717
24221
47979
5424
58460
58461
47974
55878
58465
76709
30920
34214
78706
31139
13959
13952
35161
89758
93782
89757
18137
18130
72284
79556
85881
43
30087
29448
89287
35304
51461
20196
23198
23199
51469
93651
89570
93653
23622
23192
61770
30882
59332
27009
87767
48965
27752
30888
48961
73887
5313
73884
28614
72238
73888
23997
23991
92766
95121
76967
76966
72425
78851
23445
88482
73089
92306
349
51284
74836
54630
19379
70001
12704
55904
98489
84860
61820
84864
69559
64876
26480
69886
69553
64870
64871
76439
16495
21108
65478
22716
2208
92769
91634
81335
26155
32691
26152
26151
69083
26158
25592
25591
43056
25594
69770
43058
69776
76121
46266
63840
42905
49763
51306
49760
75615
22904
52488
70064
90225
94028
90227
4815
4814
19973
15497
79816
11617
57504
57505
53027
57509
80906
81751
58853
96973
96971
96977
33477
14135
54551
35850
27998
17721
17722
62464
70393
60642
36539
85054
85501
36021
53284
84673
62641
5292
54774
34973
87155
34974
48417
48146
48413
48410
95775
83908
70970
10098
67033
83903
83270
62052
71626
27509
41761
76399
41768
15661
27975
7075
7073
54085
14397
37771
14391
78061
18639
8163
30746
15910
12497
72633
72632
72631
72637
15449
79626
39351
95303
67699
92469
13931
26710
50703
50701
47500
93056
66347
8388
61343
61693
88810
88367
40416
92790
92797
40410
67961
77373
24413
24414
1374
28218
28219
28960
1378
28211
69969
86358
26361
81434
69963
81430
96303
11378
93227
52894
81104
11376
91515
91514
91845
91516
76526
32530
55027
32825
55021
19415
51071
23962
27642
73277
56594
52252
52255
56593
35449
43196
51448
32797
27278
61525
61524
61523
86179
87590
51610
65869
81292
26954
69346
44131
56041
64110
25439
25438
43998
43992
25122
25434
25125
11150
10058
46017
42026
85331
80215
80216
74135
82524
82520
80773
2454
2456
2453
85195
85191
7859
63698
72174
24839
6366
6365
653
10402
36490
53342
36945
21840
8563
10159
90077
63472
9291
43598
63479
9620
9624
21738
21732
54963
37015
37016
21735
45270
74535
45276
62870
68027
83599
40179
68753
92662
49402
14092
14091
49401
80962
59832
84245
3236
84241
1616
1967
96895
59830
58194
19790
59820
13267
13266
41593
45092
2873
2875
78492
44327
40317
58440
28510
2540
58331
3358
94826
94825
94799
38747
38746
38741
30538
30536
34893
34892
30533
89775
89771
31116
5503
5501
34091
4013
34096
91677
542
83041
29976
67203
67754
67207
89550
66152
89802
89800
89558
66400
48944
76180
27772
97707
87749
15058
97853
15054
61752
6566
61754
6560
61756
29604
25959
73866
73861
58306
32494
32493
74726
74722
32499
89948
65983
8447
72408
65984
78875
35857
50062
31372
31371
39162
367
364
39166
50069
19352
96538
19357
31421
55926
55927
74852
16120
16123
88601
12728
6172
69570
77583
56699
94818
10983
84806
79027
25606
60801
65456
65455
65450
21126
24953
21120
38982
75458
55362
75451
81601
81350
31801
81605
69758
93969
43033
46208
97667
97660
97662
46201
46204
46207
46206
41961
41963
41962
41966
75670
17291
17292
90243
30500
13456
13457
4520
85295
33188
62406
33182
58835
33187
70140
17746
6999
36550
36005
36006
61081
63860
80009
85076
80558
80003
48435
84655
84650
84651
20479
48123
34953
48126
20474
83928
9296
7331
83927
83925
18433
78266
89350
15600
84932
12926
76375
76373
10214
53402
70914
51718
33981
33987
33237
18387
33239
37759
37758
15932
6998
30766
87632
8143
30983
95367
39375
92409
26739
40789
64223
66362
50272
56
66368
21442
68241
68248
67946
31583
67412
66369
9998
77358
50186
9990
40430
9994
40432
48640
66096
28233
48646
38177
38175
38170
38171
421
533
1395
20134
94589
28724
43200
43204
19884
32805
32807
51050
96327
89122
93203
93752
91532
91531
61322
61327
91534
51582
51583
88838
55006
51584
37540
73298
23670
22069
23819
51631
96188
96180
27121
82727
27125
27124
82720
85119
25141
86942
69321
60494
64136
25418
20099
80765
80766
80761
86946
64776
82895
46070
80573
86944
42008
42555
52230
50182
98728
97058
98058
97055
75863
6696
98723
95564
53182
95561
90580
2430
95568
32115
16826
77352
63674
93976
61811
12113
6345
6346
6349
56067
52584
52583
9356
9608
10172
10175
10176
53363
21246
37565
28230
21248
84001
8998
3788
4997
45528
45259
48338
45526
45522
80942
80946
26940
26942
44125
86532
81576
80416
94615
94617
1949
94611
72874
52118
1941
68744
68030
68031
90057
70215
79356
13247
90723
70218
49100
72873
71161
1398
5461
47783
5463
28539
72658
14211
5468
14215
14214
28530
30510
30511
425
38760
30518
79036
94771
47785
36619
39662
78744
41199
79294
41818
85844
57976
37090
87628
87629
87624
40336
527
40333
29919
40339
11864
47647
28391
28390
47314
1232
47641
47318
8286
78363
65992
97878
97874
47782
59377
71233
39498
14819
41063
4900
39493
78811
32478
78816
78818
32477
8463
72469
88449
42276
82399
88999
72461
82392
82390
50982
92613
24597
35879
35874
35877
7556
50510
15709
47787
51055
19331
16102
55277
51937
52910
84822
84820
88663
22536
88197
86090
69513
86093
86094
64834
26445
69518
26446
11353
25624
25625
11350
75472
73334
7396
22750
21671
97426
31823
18331
43013
31826
43547
81372
39785
35861
43019
28442
93566
74872
96516
93568
56842
4736
36865
35689
98551
75658
4505
50505
13471
41940
2089
90919
90261
25086
70025
70027
85278
11653
85277
17762
94425
20670
62938
27952
62428
81881
27958
62933
76492
94686
64308
64304
64307
21302
44992
55264
36575
46990
42763
16137
80022
80020
63882
80026
20906
45754
19347
27486
20903
27485
41415
41417
83991
84637
84634
41412
53794
53796
53790
63086
63084
63083
7316
39704
58816
33438
12308
60497
59141
15628
12903
12901
30162
9016
70979
88615
10239
89047
24025
78021
21507
21506
49852
71088
21508
37732
37734
15489
83362
15483
15482
30702
92429
86703
50214
47548
86708
92425
64824
14686
58767
58763
58762
24364
66309
24362
14688
76351
68264
68268
76358
47815
92549
77336
21296
40458
51333
4348
40452
40453
4342
28700
28701
28702
28256
8614
91081
79370
91739
91084
17881
38157
91731
72671
92289
73106
82094
11335
90889
43224
32862
19103
51031
19104
19105
65840
5715
93776
91559
88853
91888
91882
61657
91552
61651
61653
91884
69328
60307
93481
23836
74683
23832
93487
93488
82707
91832
65823
65821
68855
68501
25162
16590
16591
24941
97074
74446
28040
12686
21882
42570
42577
56263
56260
98708
10822
10823
10820
56265
52214
52211
7816
93956
95500
7811
57689
47042
39951
93958
63659
1307
16379
18733
21088
32135
7248
16373
97254
97255
4496
61873
61874
69306
64153
64154
69658
26278
57359
63436
85481
9370
82896
53304
66004
37500
21267
49190
21261
56886
56882
48184
69928
75227
75226
41889
4978
81036
81034
27047
49994
82949
49997
59675
85735
68014
96859
1927
96855
49443
58154
84289
84282
84280
84287
84284
36902
36904
36907
36909
13225
18996
14235
18995
18347
54302
58482
75868
71412
9662
62210
62217
38708
5482
3317
5326
20021
20020
87396
34851
20027
93578
83888
97050
83558
22089
44108
85865
47484
85861
85862
18197
18192
95566
60
41624
41625
48711
72994
41621
6474
97673
97670
59682
87646
44361
91365
94973
44366
29395
11893
29390
83777
7758
23648
633
634
47669
23136
36966
89841
23646
89845
59421
8269
59350
48901
8266
40418
7757
87701
73820
77811
25998
25999
73829
25995
25991
95151
29648
29649
31158
29640
31626
31153
76608
79416
95843
79414
72332
80494
72446
78838
86115
92367
9816
9817
50538
92360
66117
89595
66442
35812
89598
66118
88645
88644
61461
65141
55217
55214
65142
52972
52970
52974
22515
4152
69539
26468
69828
64810
982
86072
86073
28116
28112
24644
71733
75411
8335
11096
65367
65366
73317
92945
73314
34729
18052
31840
87067
43562
43560
76422
32635
51776
51955
96069
93016
9974
93546
93012
19319
97628
56741
3480
97625
4560
60515
60514
93742
11642
74090
74092
46423
46428
27930
27936
5288
52795
58828
25200
95697
85037
80045
80512
74328
12094
12091
42219
97355
42210
2604
1569
41439
41438
45778
45991
45776
45777
45770
87091
41434
95714
10787
17779
95711
39727
83964
83962
78226
46697
64564
21699
7374
33148
54530
54531
54532
65010
33414
54535
54537
30498
70403
70400
30493
30495
30144
91939
7018
29098
10251
9039
10254
53447
18693
18692
54792
21524
78590
78591
21529
24008
84346
46698
84617
68464
68467
68466
68462
751
83347
67638
755
83344
32097
758
84003
11486
24346
2958
50236
50235
24348
2952
5345
47874
1023
58749
5349
68209
79174
32733
67989
40479
4369
89691
37862
62005
14558
28271
14551
14554
11075
30727
38138
15974
34444
91713
91712
91711
79312
72835
66832
30729
38135
13782
31453
13754
66834
4099
50946
54912
47291
93714
93717
47292
91574
51545
91579
61678
82482
3519
61672
88873
25839
23971
40159
23362
47120
74668
47124
74667
28851
61581
8095
65806
8090
12529
8099
8098
73124
86537
73121
94797
22180
36869
22183
96494
44697
45250
65245
82331
42515
19784
74400
74401
74406
16570
80727
98763
97016
58503
97015
6652
82580
12661
56248
92005
92002
69490
56537
52893
56533
56247
96726
96725
65776
32159
32152
19871
65779
52094
52096
60182
60181
26258
86915
1519
81589
64173
64170
49607
80188
49602
60087
63183
63182
46716
98180
37527
1849
45565
45564
1845
90892
2168
43600
43601
90544
4951
81055
81054
14031
85758
54490
56294
6704
96878
3299
62588
1905
3290
60727
94650
94652
36383
53326
90092
36430
18427
58352
66741
54677
14966
14786
71121
18203
18200
94731
20003
38723
83572
30555
12816
42341
36651
15263
40111
12542
85800
85807
68691
47467
89739
32406
27520
15783
87665
48735
41605
48738
29405
82079
29400
40808
71437
76474
47600
47601
617
615
8248
15568
97837
8793
8794
8247
8796
26896
26892
54328
29669
95067
73804
73803
73802
78788
78785
31602
78786
97513
34126
72318
8421
91966
34129
91961
55185
39182
14210
67848
7478
86131
35834
3595
7593
88906
7591
89860
89862
23119
61448
22576
22578
65166
26401
86056
69807
26407
26409
20047
52956
35958
24661
4134
5696
94777
28138
55458
62231
60153
79034
22796
75434
73379
35522
94770
92923
38764
77690
35223
93033
89318
51753
55983
55980
55233
55236
55237
96002
96001
96007
51202
56763
79891
30809
56983
13430
13432
64691
4545
13435
971
11696
87220
82245
27314
82246
24931
65348
69114
64432
2591
81917
61930
2598
27917
25229
12601
25226
25220
74340
80064
97607
97605
181
97603
97352
42720
6049
90377
90374
20949
87223
2624
20942
2628
20946
52879
69435
9231
9233
87224
33160
33161
33162
71335
84180
84181
84183
84184
62974
39762
12342
20124
10274
10270
77781
34586
53468
84924
9051
33292
21541
24063
24065
21546
20494
20491
68191
68190
68441
68440
84360
20499
3129
29875
29877
83325
44448
67615
71597
62803
71595
71844
24328
2971
5363
37460
47852
87953
30123
30122
30124
76649
79153
30128
79157
64861
4300
4307
60569
40496
31299
40491
11050
54115
18015
49704
14578
89674
18019
38111
62021
38113
38114
79332
62025
83718
63575
15991
66876
89071
31470
19547
51564
23569
23566
15195
15191
27674
67476
68258
25815
44718
84748
74646
16135
66709
72765
47313
72760
89828
47144
28834
82748
48258
15220
47316
15224
87516
87517
76860
77343
87513
82030
95296
77193
49382
39245
7433
39248
74420
93194
74428
65397
12640
6673
12643
16083
9312
56510
84963
84961
97030
50614
69479
10862
69474
92027
10864
32171
18561
16337
19858
16339
93997
75595
55960
75590
65753
77731
69618
2369
2366
86931
69612
26234
46360
49665
49668
42398
21959
75772
17681
84565
3720
3721
17688
79939
4687
4681
45546
45543
29411
79937
13598
61993
2109
53121
11731
97160
53124
15033
2105
96811
5117
58114
54474
54477
49483
94676
75734
94671
14157
62565
68054
79610
79611
60704
60702
10489
57398
10480
36412
891
79616
84792
14901
77839
14904
33336
94719
34817
45815
34818
48536
45813
83515
83518
44148
85771
85773
72868
44140
44144
80308
80309
84423
85822
41668
70850
48751
48750
6875
87685
87682
70858
48757
29464
29465
67280
40829
18224
58292
92868
8221
8225
8226
72159
72156
76107
30828
76100
39475
39470
15503
86483
86481
31665
31666
95041
86488
7600
47444
37104
4643
8466
58928
14484
34106
88429
91902
88937
88422
72374
9852
9854
9858
37281
86153
23170
1252
1522
47628
28337
89882
93214
96338
88689
61429
4115
31082
77506
73682
77501
89086
62981
24688
62627
28159
38304
64831
55437
32418
32414
72488
96332
17026
38907
89136
98686
92908
81688
35504
31884
31887
35507
81686
5946
96022
93051
93504
23791
93058
93059
82487
61135
61130
61131
61133
51227
51734
56708
60554
69281
94082
97431
90978
90971
25792
25021
35693
60037
85216
85213
85211
24598
82263
97194
75900
82264
46175
19339
45488
45482
69135
64412
16108
85003
36082
42709
98530
98532
17213
97378
52428
52429
6026
90359
70196
2643
33586
28410
9211
9214
33102
54866
53836
54864
33105
54869
45154
36325
12397
84164
62953
36455
22286
70442
70440
22284
10291
36320
78082
42877
46820
18045
49342
63393
45735
20968
84304
29859
2915
86091
64912
40702
711
58257
54285
58250
63771
26449
71860
41410
71864
1069
1068
79137
1063
5304
5306
70995
13012
78624
4323
29980
18071
18073
54130
79688
91025
91756
62043
17860
94501
17865
67670
83650
83301
83300
89437
51500
51507
5773
23094
97975
32389
67491
74622
28813
66729
23320
74998
28819
23204
28059
76840
76841
75477
87531
87538
96950
65305
32387
12567
49372
95908
94893
92596
73163
92222
39224
1468
32994
16534
68419
74195
18162
88211
12621
6619
56576
52858
52857
44675
69459
69452
92040
60943
19529
63941
12198
66019
35747
61891
65736
77713
86950
26212
2341
86958
43930
38962
43421
43541
46348
46346
2676
53709
46341
21973
41864
41865
4809
41862
79910
75711
3706
75714
79919
90501
2122
82571
4918
90506
81094
13571
6444
43649
11716
43642
53101
57154
57153
57622
62540
15423
96838
54453
58136
133
42016
20774
138
64069
36470
36477
36476
93078
63494
63496
63499
53810
62720
62725
62728
45839
41399
87338
34838
48513
63398
41391
48515
20516
83539
44617
44610
83828
42115
58268
85793
95532
10553
41137
6857
41133
15766
41647
15749
41139
70873
83796
70876
59662
80
63235
70815
57843
29443
29332
31050
33641
8805
8806
18241
18247
10986
29871
78431
78430
15520
59444
30846
8208
15527
76123
76122
94990
31507
76434
8753
95021
95020
95025
7623
7622
66589
85335
78456
31643
31641
50812
16360
37124
37125
34697
34696
88914
67809
35603
67800
9873
9870
14431
14430
24514
24513
10982
656
1507
34426
38098
28315
659
22208
77520
86462
97246
22207
55730
86019
19471
53104
13802
96223
28172
96224
89524
15262
13044
72352
54381
91926
91927
72358
66492
89623
56141
56146
11522
35560
43094
11529
37815
51717
89359
51248
93072
93077
61152
82469
61157
65129
30645
65126
65124
82461
82460
77422
60572
43899
54264
46116
65388
65380
97173
25260
25266
25267
27956
16275
52773
19950
19953
32032
74385
16279
74380
52777
88008
6008
96014
56725
17276
52445
32241
9273
992
10056
53717
10726
10720
28461
49586
84144
21273
84142
65004
58894
54844
33127
27563
65185
85636
60094
58095
58093
21588
21584
73162
21580
42853
38527
68158
84327
68154
68157
5095
2666
48189
13384
70601
91051
2661
20986
20982
71807
44403
2932
18589
18588
5324
18581
33786
5328
33783
76601
20182
20183
79115
41803
83495
30478
83491
70468
30470
13030
83499
89987
67356
18727
37804
71737
18720
89637
89199
78604
78606
66519
31784
17805
17806
33871
30781
45248
30782
30784
27510
27512
29831
29785
40722
29836
739
67656
46994
66839
66529
66524
89184
47989
66835
51528
51529
97953
86335
31252
53079
77956
31258
69274
69901
74602
47186
74972
20452
47182
48103
88584
4059
87554
34571
48456
72722
8568
40572
40170
31430
48108
50386
50385
35954
50925
50924
50431
55351
75546
51389
32208
19094
16511
55359
32202
19092
51383
22693
1277
22697
88765
12604
12605
26582
92064
26586
52950
52872
52875
83944
61216
65242
65243
65717
21003
21004
21005
82699
15000
22075
22072
13634
91491
34837
86204
81523
88586
21919
3767
46324
52388
94327
43668
90526
90524
90522
90521
90520
93332
63923
57608
93334
11773
57607
57605
52657
62523
52127
62526
71253
5151
5153
19691
52128
52658
63650
69271
117
64040
64047
60746
60748
47317
36459
70201
76968
90782
53388
36454
36321
36452
68066
46630
80128
46633
80124
80690
80692
45852
45855
48578
83801
7272
7273
7275
44678
42136
15274
80340
42138
34546
48796
48791
53607
53526
29315
90976
90411
29313
57941
29318
70814
78451
96103
34548
58060
25588
27195
8820
65891
37328
54387
8828
33664
18264
37323
18266
59937
30649
8097
34363
15091
30863
64014
30163
54049
17336
69662
52988
53421
68366
84465
54339
68362
31782
84460
1747
37146
1742
37145
67820
83113
67828
83118
67359
40578
86198
98237
35899
44892
3304
28371
58362
24533
38778
39868
24535
28525
76416
72110
72116
72118
70975
54165
1294
1567
57006
73344
66990
13820
32502
55167
28195
28197
4442
28193
62225
34147
60414
91276
50393
13354
