10008
10013
10014
10025
10027
10030
10058
10061
10062
10066
10067
10068
10070
10072
10079
10082
10089
10092
100
10114
10142
10146
10147
10162
10176
10181
10190
10200
10202
10210
10226
10235
1023
10265
1030
10310
10312
10314
10316
10319
10321
10333
10340
10353
10378
10393
10401
10408
10414
1044
1046
10476
1047
10485
10500
10504
10520
10527
10553
1055
10564
10575
10580
10586
10590
10595
1059
10627
10665
10671
10680
10699
10706
10726
10778
10797
1080
10825
10835
10846
10875
10905
10912
10914
10927
10947
10951
10955
10974
10987
10991
10992
11008
11009
11013
11020
1102
11037
11056
11065
11085
11112
1112
11133
11160
11162
11163
11178
11183
11188
11194
11199
11204
11208
11225
11235
11244
1124
11273
1127
11291
11334
1133
1134
11350
11371
11373
11376
11378
11380
11437
11442
11443
11460
11461
11471
11480
11485
11495
11521
11530
11560
11573
11577
11597
11643
11648
11653
11681
11691
11696
11704
11715
11719
11724
1173
11756
11767
11773
11796
11799
11807
11812
11813
11814
11816
1181
11841
11842
11857
11865
11879
11899
11909
11933
11936
11951
11952
11953
1195
11963
11983
11990
11992
12009
12010
1201
12022
12025
12030
12031
12055
1205
12075
12083
12085
12087
12110
12118
12134
12150
12155
12204
1220
12214
12215
12216
12219
12236
12239
12246
12249
12262
12267
12275
12282
12323
12337
1233
12351
12355
12357
12364
12417
12419
12425
12436
12450
12468
1246
12471
12476
1248
12506
12510
1251
12545
12548
12556
12586
12594
12623
1262
12640
12693
12701
12703
12718
12722
12726
12744
12755
12761
12762
12770
12782
12783
12791
12794
12802
12829
12850
12855
12862
12867
12899
12906
12911
12926
12927
12934
12947
12973
12977
12986
1298
12995
13047
13071
13076
13080
13081
13095
13139
13140
13141
13151
13153
13155
13169
13179
13183
13187
131
13205
13211
13221
13228
13230
13252
13254
13258
13267
13272
13273
13292
13313
13324
13334
13335
13343
13345
13354
13379
13400
13403
13427
13442
13474
13480
13516
13521
13526
13549
13558
13561
13576
13587
13591
13615
13617
13618
13628
13629
13676
13708
13713
13718
1371
13720
13766
13768
1376
13776
13788
1379
13803
13811
13813
13820
13831
13852
13856
1386
13873
13874
13886
13914
13973
13986
14029
1402
14033
14052
14067
14077
14088
14089
140
14106
14116
14119
14127
14130
14156
14174
14180
1418
14209
14220
14222
14236
14250
14251
14255
14288
14312
14317
14325
14360
14376
14383
14418
14446
14457
14469
1446
14471
14476
14477
14501
14503
14509
14511
1451
14528
14535
14538
14541
14554
14567
14592
145
14636
14662
14692
14702
1471
14737
14749
14787
14799
147
14808
14815
14817
14820
14832
14843
14856
14867
14874
14875
14889
14893
14913
14915
14919
14927
14935
14970
14984
15001
15007
1500
15026
15038
1503
15044
15049
1505
15060
15064
15080
15108
15111
1511
15123
15126
15130
15131
15142
15160
15165
15167
15175
15187
1519
15212
15228
15231
15233
15241
15252
15263
15272
15297
15339
15350
1537
15381
15385
15390
15397
15399
15405
15414
15434
15437
15438
15480
15482
15498
1549
15509
15544
15547
15583
15605
15606
15617
1561
15634
15639
15640
15659
15677
15693
15695
15706
15715
15729
1572
15734
15737
15743
15787
15791
15795
15798
15814
15819
15822
15857
15866
15873
15896
15901
15908
1590
15919
15946
15950
15952
15958
15965
15978
16002
16004
1605
16077
16107
16117
16123
16127
16133
16140
16157
16162
16163
16173
161
16206
16229
16240
1626
16280
16291
16303
16340
16349
1637
16410
16419
16420
16430
16431
16437
16448
16452
16479
16485
16492
16511
16518
16546
16563
16566
16569
16578
16580
1659
16628
16634
16641
16644
16656
16667
16692
16710
16724
1672
16741
16745
16746
16756
16809
1680
16819
16822
16841
16855
16858
16860
16873
1687
16890
16907
16909
1690
16910
16925
16947
16948
16949
16952
16954
16955
16964
16970
16973
16989
16996
17020
17024
17026
17033
17034
17041
17045
1704
17051
17058
1705
17088
17099
17107
17112
1712
17132
17134
17135
17139
17142
17165
17197
17199
17216
17218
17223
17224
17225
17227
17233
17236
17241
17260
17264
17272
17284
17285
17290
17305
1730
17327
17334
17341
17342
17344
17349
17356
17358
1735
17396
17413
17414
17425
17442
17446
17448
17451
17454
17458
17464
17469
1746
17471
17494
17496
17509
17525
17541
17551
17553
17587
17593
17599
17606
17612
17613
17617
17623
1762
17632
17639
17654
17677
1770
17715
17727
17730
17745
17746
17757
1778
17790
17812
17813
17830
17865
17877
17890
17902
17918
17929
1793
17942
17955
17965
17967
1796
1798
18001
18008
18022
18027
18052
18054
18070
18074
18078
18079
18102
18105
18110
1811
18125
18137
18157
18165
18167
18179
18191
18200
18214
18223
18230
18246
18248
18254
18260
18264
18287
18288
18305
18320
18335
18373
18378
18439
18450
18451
18457
18474
18483
18485
18489
18514
18517
18520
18523
18525
18534
1853
18546
18559
1857
18601
18602
18614
18617
1862
18631
18647
18652
18655
18657
18665
18683
18686
18692
18745
18749
18766
18795
1881
18844
18846
18849
18857
1885
18863
18874
18882
18891
18892
18903
18908
18920
18924
18967
18994
18995
19003
19018
19038
19040
19042
19046
19059
19063
1906
1907
19084
19108
19122
19124
19146
1916
19177
19180
19183
19186
19190
19198
19222
19224
19244
19245
19252
19255
19259
19268
19269
19271
19282
19296
19309
1931
19331
19336
19337
19344
19347
19372
19378
19379
19384
19392
19395
19399
19401
19410
19423
1942
19443
19447
19465
19475
19484
19495
19502
19511
19522
19532
19535
19536
1953
19547
19549
19558
19560
19564
19598
19602
1962
19653
19670
19686
196
19716
19729
19734
19756
19763
19816
19836
19850
19855
19859
19863
1986
19884
19890
19946
1994
19982
20002
20019
20035
20061
20062
20064
20067
20096
20102
20104
20108
2010
20129
20132
20139
20141
20160
20163
20167
20173
20176
20183
20218
20221
20223
20268
20272
20279
20284
20285
20306
20314
20315
20317
20318
20323
20349
20376
20378
20384
20389
20404
20409
20411
20452
20456
20468
20479
2047
20486
20512
20529
20533
20551
20567
20576
20587
20591
20592
20598
20608
20610
20612
20619
2061
20649
20667
20680
20688
20699
20701
20726
20731
20741
20750
2075
20779
2079
20845
20862
2088
20897
20915
20916
20924
20935
20944
20979
21007
21078
21091
21110
21122
2112
21139
21153
21164
21173
21175
2117
21188
21201
21212
21214
21223
21255
21265
21269
21273
21282
21299
21307
2130
21327
21336
21339
21346
21400
21430
21438
21445
21447
21451
21461
21489
21496
21518
21531
21532
21554
21557
2156
21571
21580
21584
21589
2158
2160
21618
21622
21633
21643
21644
21668
21681
21686
21688
21689
21700
21705
21713
21722
21734
21735
21738
21739
21752
21762
21789
2179
21808
21811
21899
21903
21907
21920
21946
21984
21992
21993
22026
22048
22051
22055
22079
22097
22101
22128
22129
22131
22172
22190
2220
22215
22233
22249
2228
2229
22301
22302
22303
2232
22330
22335
22337
22348
22367
22377
22402
22405
22440
22442
22452
22465
22501
22522
22534
22553
22565
22583
22588
22602
22617
22642
22655
22658
22666
2266
22684
22689
22695
22727
22733
22736
22737
22761
22767
22770
22778
22782
22784
22802
22809
2282
22839
22842
22858
22868
22870
22879
22880
2288
22890
22894
22895
22896
2289
22901
22911
22912
22922
22949
22957
2295
22969
22972
22979
22986
23003
2300
23018
23021
23023
23049
23074
23076
23086
23096
230
23100
23112
23113
23119
23122
23133
23158
23177
23183
23189
23207
23211
23213
23228
23279
23308
23329
23335
23366
23386
23387
23407
2340
23420
23426
23438
23445
23450
23457
23466
23472
23473
23487
23495
23505
23520
23529
23537
23548
23557
23563
23591
2359
23603
23614
23636
23641
23643
2364
23674
23690
23703
2371
23723
23739
23748
23753
23783
23787
237
23803
2380
23811
23827
2382
23835
23855
23866
23871
23884
2393
23951
23967
23981
2399
24020
24026
24029
24039
24044
24063
24074
24085
24089
24093
24102
24103
24104
24121
2416
24170
24172
24216
24218
24219
24221
24236
2423
24251
24271
24279
2428
24292
24294
2429
24302
24304
24313
24329
24336
24345
24360
24373
24380
2440
24412
24413
2441
24443
24450
24456
2447
24501
24511
24526
24530
24558
24576
2457
24586
24592
24593
24598
2459
2461
24622
24642
24644
24672
24681
24683
24691
24693
24706
24708
24750
24751
24763
2476
24775
24778
24782
247
24805
24809
24834
24837
24841
24863
2486
2487
24887
24890
24894
24924
24935
24941
24947
24972
24985
24996
25003
25013
25014
2502
25037
25052
25054
25056
25061
25068
25070
25074
25093
25095
25102
25108
25111
25117
25124
25141
25150
2515
25173
25177
25179
2518
25193
25195
25197
25242
25270
25282
25284
25306
25330
25345
25355
25359
25372
25377
25386
25399
25401
25412
25417
25437
2543
25447
25463
25478
2548
2549
25524
25545
25549
25556
25596
25600
25607
25610
25613
25614
25628
25653
25657
25700
25709
25712
25716
25717
2571
25721
25741
25767
25791
25809
25810
25817
25836
25847
25856
25865
25876
25884
25898
25914
25939
25949
25954
25962
25963
25978
25990
25
26003
26011
26017
26039
26043
26075
26092
26097
26101
26156
26167
26169
26182
2619
2621
26221
26226
26255
26263
26282
26296
26301
26326
2632
26334
26396
26399
26400
26409
26413
26438
26447
26449
26463
26470
26492
26502
26508
26534
2653
26561
26562
26593
26619
26632
26649
26661
26662
26663
26684
26687
26695
26726
26732
26734
26741
26779
26785
26792
26795
26823
26826
26832
26855
26863
26876
26905
26910
26923
26931
26960
26970
26978
26985
26993
26999
2699
27003
27017
27025
27041
27047
27048
27081
27085
27095
27105
27114
2711
27135
2716
27192
27238
2725
27260
27261
272
27306
27317
27335
27337
27342
27357
27370
27391
27409
2742
27438
27454
27466
2747
27491
274
27519
27542
27543
27548
27550
27559
2755
2757
27583
27593
27611
2761
27621
27629
27633
27692
27710
27715
27716
27723
27728
27729
27730
27739
27740
27741
27749
27806
27810
27811
27813
27822
27830
27836
27861
27872
27874
27895
278
2790
27928
27935
27936
27937
27943
27952
27954
27967
27998
28000
28053
28078
28080
2808
28102
28114
28138
28140
28145
28153
28188
28206
28208
28211
28241
28260
28264
2826
28304
28324
28339
28341
28357
28369
28371
28387
28401
28402
28422
28424
2842
28452
2847
28493
28494
28498
28509
28512
28578
28580
28603
28612
28633
28674
2867
28689
28716
28723
28738
2874
28753
28754
28761
28799
28802
28814
28816
28825
28851
28853
28859
28861
28865
28886
28890
28940
2897
29010
29046
29057
29069
29074
29079
2907
29113
29118
29186
29189
29198
291
29215
29218
29225
29241
29250
29269
2926
29280
29283
29288
29290
29303
29308
2930
2932
29342
29356
29366
29387
29395
29410
29443
2944
29455
29460
29472
29482
29496
2949
29537
2958
29601
29602
29604
29630
29644
2964
29661
29681
29688
29730
29751
2975
29768
29778
29793
29798
29803
29811
29817
29823
29827
29831
29848
29855
2987
29880
29890
29902
29905
29921
29934
29973
29999
30000
3000
30012
30017
3002
30035
30059
30066
30069
30086
30096
30121
30124
30138
30149
30177
30189
30192
30207
30236
30237
30241
30259
30262
30264
3026
30274
30287
30292
30304
30313
30314
3031
3032
30335
30357
30358
30364
30387
30391
30392
30396
30397
30410
30412
30439
3045
30477
30534
30542
30554
30563
30597
30654
30696
30708
30719
30721
30725
30728
30747
30750
30756
30762
3076
30772
30783
3079
30804
30807
30808
30844
30850
30851
30877
30888
30889
30899
30901
30923
30942
30988
3099
31024
31034
31038
31050
31059
31073
31074
31116
31143
3114
31155
3115
31160
31167
31183
31190
31202
31218
31231
31268
3126
31278
31304
31325
31339
31348
31363
31365
31369
31381
31390
31400
31411
31415
31428
31430
31441
31443
3145
31470
3150
31532
31556
31559
31567
31574
31592
31604
31608
31609
31620
31625
31658
31678
31682
31693
31711
31715
31720
31725
31733
31737
3173
31774
31780
31787
31791
31808
31823
31828
31830
31831
31833
31846
31857
31890
31902
31953
31955
31973
31983
31989
3198
32005
32023
32029
32032
32035
32036
3203
32044
3206
32086
3209
32113
32117
32132
32148
32170
32183
32204
32224
32226
32235
3223
32249
3225
32262
32263
32268
32273
32281
32283
32316
32319
32321
32329
32332
32335
32337
32341
32361
32362
32363
3237
32382
32407
32414
32425
32435
32445
32449
32451
32464
32466
32468
3246
324
32518
32537
32548
32553
32559
32567
32608
32643
32655
32700
32701
32708
32710
32716
32727
32746
32751
32757
3275
32770
32779
32794
32800
32803
32808
32818
32835
32841
32843
32852
32881
32885
3289
32908
32930
32948
32949
32951
32966
32975
3298
32993
32996
33006
33011
33019
33025
33026
33032
33052
33058
33067
33091
33095
33110
33138
3315
33165
33178
3317
33189
33190
33200
33214
33215
33223
33226
33233
33239
33250
33276
3327
3328
332
33301
33330
33340
33344
33348
33368
33370
33378
33383
33413
33423
33428
33436
33443
33447
33448
33461
33472
33509
33516
33541
33543
33553
33555
33567
33576
33616
33638
33639
33641
33650
33658
33668
33675
3367
336
33711
33723
33749
33769
33782
33818
33820
33825
33833
33839
33842
33852
33884
33890
33910
33918
33934
33952
33956
33958
33968
33980
33982
33989
33993
34019
34046
34058
34066
34074
3407
34086
34102
34108
34131
34139
34144
34147
34150
34167
34173
34179
34201
34202
34218
34223
3422
34231
3425
34264
34287
34290
34293
34298
342
34328
34331
34333
34365
34367
34383
34390
34405
34416
34430
34475
344
34510
34523
34580
34584
34611
34615
34618
3461
34664
3468
34690
34692
34695
3470
34714
3471
34766
34781
34789
3478
34792
34796
34817
3481
34830
34832
34837
3483
34848
3487
34882
34891
34892
34909
3495
34975
34977
34988
35001
35003
35066
35084
35107
35116
35128
3512
35156
35158
35159
3517
35186
35210
35232
35234
35239
35242
35243
3526
3527
35293
35298
352
35309
35310
35311
35312
35322
35325
35338
35355
35379
35395
35398
35423
35432
35434
35444
35494
35497
35515
35516
35526
3552
35533
35561
35572
3557
35589
35591
35600
35604
35608
35615
35621
35622
35627
35637
3563
35642
35643
35663
35664
35673
35700
35703
35712
35714
35732
35754
35757
35791
35796
35798
35800
35809
35823
35829
35832
35838
3586
35894
35914
35938
35956
35962
35963
3597
36015
36029
36030
36031
36048
36067
36073
36076
36094
36095
36122
36126
36137
36154
36183
36184
36211
36216
36219
36227
3623
36255
36261
36279
3627
36283
36290
36308
3631
36320
36345
36354
36355
36360
36367
36384
36385
36388
36390
36415
36424
36427
36436
36458
36490
36494
36502
36507
36515
36516
36526
36545
36566
36575
36590
36607
3661
36637
36657
3665
36660
3666
36670
36687
36702
36703
36739
3674
36761
36771
36780
36784
36790
367
36820
36821
36843
36869
36890
36907
36910
36917
36950
36964
36965
36978
36985
36989
36992
37015
37060
37077
37095
37115
37123
37127
37129
3712
37146
37148
37151
37170
37175
37202
37214
37257
37264
37274
37291
37296
37298
37310
37317
37323
37340
37363
37365
37392
37399
37437
37452
37463
37466
37480
37486
37492
37493
37501
37524
37536
37553
37568
37619
37620
37636
37640
37647
3767
37680
37681
37688
37720
37723
37726
37737
37741
37748
37759
3776
37800
37843
37857
3785
37864
37888
37893
3789
37908
3790
37913
37914
37923
37931
37951
37959
37991
37994
38004
38070
38074
38080
38091
3809
38100
38137
38161
38163
38211
38218
38232
38234
38274
38275
38287
38303
38310
38318
3831
38332
38346
38350
38372
38394
38398
38432
38447
38449
38452
38459
38463
38466
38475
38477
38505
38508
38520
38528
38555
38561
38562
38565
38577
38602
38624
38629
3862
38641
38643
38652
38656
3865
38670
38676
38677
38696
38709
38725
3875
38768
38774
38784
38785
38810
3881
38823
38825
38838
38848
38859
3887
38893
38919
38933
38939
38946
38951
38954
38962
38972
38977
38981
38985
38997
3900
39026
39033
39071
39079
3907
39081
39097
39100
39105
39112
39114
39135
39184
39209
39216
39225
39251
39262
3926
39287
39288
39293
39373
39386
39402
39412
39425
39428
39447
39450
39461
39464
39523
39527
39569
39603
39604
39613
39620
39645
3964
39655
3965
39661
39662
39669
39676
39693
39699
39701
3975
39776
39791
39795
39804
39811
39813
39817
39826
39836
3983
39845
39852
39861
39898
39902
39903
39910
39918
39926
39934
39940
39943
39961
39990
39995
40029
40046
40063
40085
40091
40096
40103
40104
40107
40138
4013
40141
40146
40157
40180
40203
40223
40236
40238
40250
40262
40268
4026
40282
40297
4029
402
40301
40310
4031
40336
40358
40359
40362
40366
40374
40379
40393
40409
40424
40425
40430
40432
40441
40450
40451
40453
4045
40462
40495
40509
40518
40528
4052
40559
4058
40596
40606
40607
40612
40618
40663
40681
40692
40693
40702
40734
40753
40760
40763
40766
40776
40778
40785
40805
40813
40819
40846
40847
4084
40855
40857
40862
40892
40939
40943
40946
40947
4095
40962
40975
41006
41025
41028
41029
41030
41034
41056
41075
41078
41086
41093
4112
41159
41169
41192
41212
41213
41225
41252
41261
41264
4126
41298
41301
41303
41304
41311
41318
41329
41348
41357
41391
41414
41418
41422
41429
4142
41439
41448
41453
41494
41495
41497
41501
41502
41504
41530
41532
41536
41574
41593
41599
41610
41611
41613
41620
41625
41629
41656
41668
41676
41699
41735
41782
41787
41806
41818
41829
41830
41841
41886
41887
41893
41898
41904
4191
41933
41975
4206
42091
42093
42095
42138
42143
42153
42159
4215
42178
42181
42215
42221
42224
42226
4222
42236
42251
42259
4225
42264
42310
42311
42317
42323
42325
42328
42346
42349
42359
42365
42398
423
42437
42445
42481
42485
4248
42494
424
42500
42509
42552
42571
42577
42582
42585
42586
4259
42613
42617
42648
42649
42663
42665
42673
42695
42706
42721
42725
42772
42803
42814
42822
42831
42834
42847
42885
42909
42915
42919
42938
42954
42959
42966
42969
42971
42980
42982
42990
42995
42
43006
43010
43011
43019
43025
43031
4305
43079
43083
43084
43086
43094
43098
43100
43126
43127
43129
43132
43146
43156
43157
43179
43209
43212
43223
43233
43251
43252
43265
43270
43271
43286
432
43374
43377
43400
43404
43405
43413
43415
43446
43457
4345
43460
43461
4347
43502
43505
43506
43507
43513
43519
43533
43544
43582
43588
43590
43592
43593
43610
43633
43650
43658
43668
43690
43691
43700
43712
43715
43717
4371
43729
4372
43759
43763
43768
43771
43775
43798
43812
43825
43831
43865
43879
43890
43899
43916
43941
43949
4394
43956
43963
43974
43983
43995
44014
44034
44045
44047
44048
44051
44067
44069
44076
44095
44110
44140
4414
44162
44163
44173
44206
44222
44243
44270
44271
44289
44366
44378
44382
44398
443
44408
44417
44424
44441
44461
44472
44476
4447
44497
44503
44521
44535
44536
44550
44568
44571
44583
44590
44608
44612
44615
44629
44633
44650
44652
44664
44672
44682
44716
44722
44724
44727
44728
4474
44757
44764
44774
44795
44812
44816
44835
44843
44850
44852
44865
44891
44894
44899
44913
44946
44948
44981
44985
4499
45003
45006
4501
45023
45047
45055
45069
45089
45097
45112
45139
45150
45151
45169
45182
45186
451
45202
45206
45218
45230
45251
45264
45269
45270
45271
45276
45277
45291
45295
45300
45304
45324
45343
45368
45394
45421
45424
45425
4542
45445
4544
45468
45498
4550
45527
4552
45579
45583
455
45602
45603
45610
45622
45656
45660
45683
45691
45709
4570
45713
45725
45733
45761
45763
45765
45784
45788
45804
4580
45816
4583
45857
45896
45898
458
45907
45908
45931
45940
45951
45954
45957
45967
45972
45974
45975
45981
45985
4599
46009
46010
46013
46016
46034
46040
46043
46045
46046
46047
46076
46086
46092
46106
46113
46175
46190
46206
46207
46210
46227
46230
46233
46246
46250
4626
46307
46314
4632
46372
46388
463
46406
46408
46409
46417
46419
46426
46461
46468
46481
46487
46523
46533
46535
4653
46561
46582
46594
46626
46643
46668
46670
46676
46684
4670
46734
46748
46755
46760
4676
46779
46812
46816
46822
46846
46857
46866
46871
46918
46919
46924
46972
46974
47006
47043
47045
47056
4705
47073
47103
47110
47115
47143
47178
47181
47182
47185
47214
47223
47246
47275
47287
47296
4730
47360
47382
47394
47396
47403
4742
47438
47442
47461
47469
47474
4748
47500
47517
47523
47524
47543
47573
47581
47586
47606
47607
47616
47627
47628
47642
47660
47669
47677
47680
47683
4768
47693
476
47712
47716
47735
47745
47763
47775
477
47819
47841
47853
47857
4789
47912
47930
47954
47985
47996
48000
48005
48020
48041
48043
48065
48068
48069
48076
4807
48086
48087
48091
48108
48129
48130
48140
48145
48154
4815
48169
48197
48208
48211
48214
48215
48226
48229
48231
48233
48234
48249
48257
48267
4826
48277
48282
48287
48288
48297
48301
48302
4830
48310
48319
48327
48341
48345
48346
48366
48373
48378
48391
48408
48415
48417
48421
48440
48464
48467
48471
48476
48484
48508
48548
48572
48574
48580
48583
48597
48601
48612
48617
4861
48626
48653
48655
48659
48661
48662
48687
48711
48712
48715
48734
48736
48747
48779
48781
48786
48806
48814
48827
48841
48860
48877
48898
48904
48905
48926
48933
4895
48979
48
49022
49023
49033
49085
49090
49096
49113
49125
49128
49182
49206
49212
49219
49233
49239
49244
49250
49252
49267
49285
49297
49306
49322
49330
49336
49337
49339
49359
49365
49368
49379
49391
49396
49406
49425
49436
49446
49460
49468
49477
49512
49520
49528
49532
49542
49555
4956
49603
49612
49623
49627
49652
49656
49657
49676
49679
49683
49694
49741
49751
49782
4978
49799
49811
49815
4981
49828
49847
49858
49867
49883
49888
49903
49904
49908
49909
4991
49921
4992
49981
49982
49989
50008
50018
5002
50033
50061
50074
50096
50101
50146
50155
50171
50179
50180
50182
50186
5018
50198
50204
50236
50249
50260
50271
50302
50343
50365
50377
50390
50392
50396
50397
50411
50413
50443
50471
50475
50517
50520
50558
50561
50590
50606
50613
50637
50638
50643
50703
50734
50747
50762
50767
5077
50782
50789
50799
50814
50817
5084
50859
50863
50865
5086
50870
50872
50879
50897
50913
50920
50970
50973
50980
50982
50996
51022
51026
51029
51041
51062
51064
51066
51068
51075
5107
51089
51136
51149
51152
51173
51189
51194
51209
51215
51225
51227
51234
51240
51263
51272
51273
51294
51334
51337
51344
51346
51368
51375
51376
5138
51396
51397
51398
51404
51415
5141
5143
51445
51447
51450
51454
51456
51463
51465
51470
51489
51493
51508
51511
51520
51522
51543
5154
51557
51560
51582
51586
51598
51601
51621
51645
51670
51681
51697
51699
51701
51723
5173
51756
51769
51781
51793
51794
51800
51811
51831
5186
51881
51910
51913
51918
51925
51941
51972
51973
51993
52004
52032
52040
52058
52062
52070
52084
52086
52094
52095
52105
52109
52122
52123
52147
52153
52164
5217
52182
5218
52191
52216
52221
52230
52245
52246
52262
52265
5226
52279
52295
522
52302
52310
52321
52322
52327
5232
52336
5233
52346
5234
52350
52354
52377
52418
52428
5243
52443
52449
52474
52479
52488
52518
52529
52537
52538
52560
52566
52568
52583
52584
52625
52664
5266
52687
52689
52694
52696
52710
52715
52716
52722
52732
52736
5273
52740
52743
52747
5274
52754
52758
52759
52762
52766
5276
52789
52792
52798
52816
52857
52868
52873
52895
52919
5291
5292
52935
52961
52967
52970
52982
52997
5299
53029
53041
5308
53091
53104
53108
53115
53129
53143
53151
53152
53160
53172
53191
53200
53206
53208
53226
5324
5325
53283
5328
5329
53309
53322
53330
53346
53352
53361
53362
53363
53368
53385
5340
53431
53477
53481
53506
53513
53522
53527
53533
53545
53549
53550
53552
53556
5356
53596
53597
53610
53624
53637
53656
53683
53707
53718
53724
53741
53763
53764
5376
53771
53777
53785
53795
53809
53810
53836
53839
53849
53865
53916
53942
53945
53959
53971
53998
5399
539
54003
54037
54064
54066
54125
54129
54143
54144
54146
5414
54153
54175
54203
54207
54209
54236
54243
54261
54262
54264
54268
54280
54282
54285
54290
54293
54329
54336
54341
5435
54393
54401
54402
54410
54414
54418
54429
5442
54432
54433
5443
54472
54495
54498
54522
54539
54590
54603
54614
54625
54655
54662
54691
546
54715
54722
54752
54754
54756
54760
5476
54783
54788
54805
54808
54810
54818
54819
54845
54863
54866
54871
5490
54913
54914
54933
54948
54949
54961
54964
54966
54980
54994
55014
55028
55029
55036
55049
55053
55061
55068
55070
55071
55085
55111
55114
55120
55137
5514
55174
55184
55185
55211
55216
55228
55255
55264
55265
55266
55269
5526
55285
55288
55290
5529
55313
55319
55341
55351
55355
55370
55392
55407
5541
55424
55464
5547
55505
55512
55524
55534
55572
55577
55627
55635
55654
55659
55662
5566
55681
55682
55695
55698
55708
55717
55736
55771
55781
55782
55789
55795
55799
5579
55800
55825
55833
55873
55883
55902
55915
55916
55921
55927
5592
55948
5595
55961
55967
55978
55984
56005
56008
56014
56044
56051
56059
56079
56082
56094
56098
56105
56114
56118
5612
56139
56155
56156
56158
56180
56194
56208
56222
5622
56232
56239
56241
56254
56271
56280
56282
56292
56311
56366
56373
56397
56399
5641
56427
56433
56442
56448
56452
56456
56457
5646
56480
5648
56490
56492
56502
5651
56528
56530
56533
56541
56552
56566
56573
56580
56583
565
56603
56606
56620
56626
56628
56631
56637
56664
56665
56679
56714
56715
56721
56727
5675
56766
56787
56803
56810
56819
56835
56842
56887
56891
56927
56934
56938
56941
56958
57000
5701
57020
57028
57032
57066
57072
57092
57146
5714
57181
57183
57190
57218
57221
57229
57261
5726
57294
57319
5733
57342
57386
57387
57391
57406
57432
57435
57455
5745
57467
57470
57485
5748
574
57507
5750
5753
57565
57569
57575
57577
57586
57594
57597
57619
57633
57640
57665
57677
57678
57693
57699
57719
57733
57744
57745
57746
57757
57762
57783
57797
577
57801
57811
57817
57839
57845
57850
57851
57864
57873
57876
57887
57890
57905
57911
57917
57921
57922
57924
5794
58018
58026
58035
58037
58045
58048
58057
58059
58085
58092
5809
58144
58147
5814
58168
58193
58202
58204
58214
58222
58240
58246
58253
58255
58261
58262
58268
58272
58275
58276
5827
58280
58285
58292
58306
58327
58330
5834
58352
58371
58378
58379
58384
58401
5842
58432
58455
58467
58470
58478
58480
58497
58514
58532
5853
58544
58546
58561
58567
58576
58595
58596
58605
58611
58613
58620
58628
58629
58638
58640
58650
58669
58675
58677
58687
58695
5870
58722
58726
58730
58736
58738
58743
58759
58762
58763
58764
58766
58773
58779
58807
58827
58832
58837
58840
58848
58864
58880
58897
58923
58926
58955
58974
59008
59015
59018
59029
59050
59060
59063
59068
59069
59094
59100
59112
59133
59141
59156
59162
59165
59167
5917
59199
59206
59207
59210
59214
59219
59220
59234
59237
59246
59247
5925
59260
59276
59281
59282
59288
59302
59319
59329
59333
59338
59343
59389
59410
59451
59461
59467
5947
59489
59490
59496
59502
59508
59509
59511
59518
5951
59520
59527
59531
59559
59561
59562
59569
59580
59585
59591
59596
59612
59637
59651
59654
59655
59664
59667
59675
5967
59689
59698
59711
59741
59746
59747
59758
59762
5979
59802
59825
5983
59842
59847
59864
59867
5986
59870
59874
59883
59888
5988
59903
59906
59911
5991
59920
59929
59934
59944
59951
59953
59954
59958
59963
59997
599
60008
60011
60031
60035
60070
60077
60087
60092
60093
6009
60116
60117
60120
60139
60141
60154
60180
6018
60194
6019
60222
60233
60239
60240
60264
60266
60276
60281
60289
60311
60316
60335
60357
60358
6035
60386
60390
60392
60409
60432
60456
60467
60486
6049
60504
60516
6051
60531
60543
60547
60549
60554
6058
60596
60599
60618
60628
60635
60675
60690
60717
60726
60769
60775
60776
60788
60799
60823
60893
60907
60909
60911
60945
60950
60953
60964
60970
60974
60977
60987
60994
60998
61004
61043
61056
6105
61079
61081
6109
61108
61126
61137
61154
61164
61168
6117
61192
61194
61208
61218
61219
61224
6126
61271
61296
61310
61319
61335
61343
61344
61346
61354
61359
61365
61368
61370
61400
61415
61467
61468
61473
61487
61490
61492
61502
61504
61510
61534
61535
61549
61561
61567
61574
61580
61615
61620
61624
61635
61638
61641
61651
61667
61668
6167
61681
61685
61693
61717
61723
61726
61729
61740
61753
61766
61776
61797
61798
61813
61817
61821
61830
6183
61854
61920
61936
61939
61954
61963
61970
61986
62017
62021
62056
62065
62075
62108
62111
62137
62146
62166
62170
62189
621
62273
62277
62301
62314
62317
62326
62331
62378
62385
62396
62398
62415
62433
62474
62520
62525
6257
62585
62609
62705
62706
62717
6271
62721
62754
62755
62762
62800
62804
62809
62815
62817
62822
62843
62866
62907
62911
62922
62940
62960
62975
63009
63015
63028
63055
63061
63068
63071
63074
63077
63099
63110
63115
63127
63132
63142
63152
63167
63174
63184
63189
63219
63224
63227
63230
63242
63243
63249
63253
63260
63262
63272
63280
63294
63307
63320
63326
63330
63332
63334
63355
6335
63374
63385
6339
63405
63406
63410
63413
63433
63443
63457
6345
63494
63499
6349
63505
63509
63515
63523
63545
63557
6358
63590
63591
63629
63634
6363
6364
63655
63676
63680
63700
63723
63746
63751
63752
63755
63770
63779
63780
63783
63798
63808
63820
63826
63843
63845
63868
63874
63875
63878
63892
63894
63919
63934
63953
63961
63964
63972
63984
63988
63989
64012
6401
6402
64041
64058
64064
64110
64112
64130
64134
64141
64146
64147
64173
6417
64204
64207
64210
64216
64218
64219
64225
64242
64243
64259
64276
64282
64289
64294
64308
64337
64340
64341
64345
64351
64357
64380
64384
64388
64392
64393
64424
6442
64432
64447
64451
64455
64456
64458
64470
64472
64475
64496
64502
64528
64534
64553
64592
64616
64634
64654
64674
64684
6469
64738
6473
64748
64756
64758
6479
64806
6480
64814
64815
64818
64829
64845
64859
64867
64869
64870
64874
64877
6488
6490
6492
64934
64939
64948
64976
65010
65055
6505
65066
65089
65091
65094
65106
65120
65148
65164
65182
65205
65206
65212
65217
65220
65224
65230
65235
65238
6524
65250
65252
6527
65310
65336
65338
65341
65348
65355
65356
65389
65424
65432
65433
65441
65454
65457
65472
65501
65502
65507
65517
65523
65526
65547
65551
65552
65586
65605
65607
65639
65651
65689
65719
65721
65726
65731
65741
65753
65754
65761
65774
65778
65781
65784
65788
65796
65816
65843
65849
65854
65882
65894
65932
65935
65940
65960
65963
6598
65994
659
66009
6600
66026
66037
66041
66047
66051
66054
66057
66073
66098
66101
6611
66127
66141
66147
66148
66153
66167
66170
66181
66193
66215
66220
66232
66235
66243
66270
66336
66349
66351
66353
66354
66363
66373
6637
66393
663
66409
66430
66431
66439
66441
66447
66453
66475
66483
66501
66512
66513
66516
66542
66545
66552
66556
66563
66564
66570
66572
6657
66584
66587
66597
66624
66643
66648
66667
6666
66670
66672
66676
66679
66682
66690
66693
66695
66702
66709
66725
66734
66756
66759
66775
66779
66784
66792
66798
66802
66803
66818
66826
66839
66876
66885
6689
66909
66924
66934
66950
66973
66978
66984
66992
67002
67009
67014
67034
67048
67059
67069
67081
67088
67093
67127
67193
67198
6722
67234
6724
67251
67254
67271
67299
67329
67338
67339
67350
67386
67387
6742
67436
6745
67463
67471
67478
67482
67501
67510
67569
67581
67587
67591
67635
67641
6765
67660
67661
67668
6766
67681
67688
67707
67713
67719
67728
67730
67738
6773
67746
67760
67767
67771
67790
67801
67804
6780
67812
67830
67864
67878
67886
67888
6790
67935
67945
67956
67963
67993
68002
68004
68052
68069
68085
68088
6808
68102
68157
68174
68182
6818
68193
68199
6821
68239
68247
68249
68252
68255
68276
68281
6828
68301
68313
6831
68320
68332
68358
68366
6836
68380
68429
68476
68479
68491
68494
6850
68525
68526
6852
68533
68540
68542
68551
68565
68574
68578
68590
68592
6862
68637
68648
68653
68663
68676
68682
68686
68687
68692
68702
68710
68725
6872
68744
68754
68768
68771
68792
68794
68798
68799
68827
68850
68868
68879
68884
68886
6889
68919
68939
6894
68951
68965
68973
68986
68988
6900
69014
69036
69041
69046
69059
69063
69086
69087
69098
6910
69114
69120
69149
69151
69165
6916
69205
69224
69262
69265
69271
69272
69274
69281
69289
69291
69292
69299
692
69302
69323
69331
6934
69350
69360
69384
69399
69420
69443
6945
69464
69479
69501
69511
69528
69541
69547
69549
69567
69578
69585
69639
69650
69675
69689
69703
69711
69733
69746
69749
69773
69803
6981
69820
69848
6984
69861
69872
698
69983
69986
69987
69
70014
70038
7003
70043
70046
70049
70062
70072
70078
70079
70098
7012
70144
70154
70159
70166
70173
70180
70185
70211
70217
70219
70227
7025
70263
70265
70279
70287
70292
70293
70315
70318
70320
70323
70328
70331
70340
70369
70392
703
70413
70415
70418
70441
70462
70466
70479
70536
70542
70556
70560
70565
70588
7059
70603
70624
7063
70641
70646
7065
70667
70691
70709
70739
70741
70760
70776
7077
70787
70798
70823
70870
70878
70880
7088
70895
70906
70907
70936
7094
70959
70981
71002
71028
71040
71041
71058
71064
71108
71110
7111
71126
71140
71147
71165
71185
71189
71191
71193
711
7120
71222
71234
71240
71243
71253
71263
71269
7128
71301
71305
71310
71328
71338
71365
71405
71419
71424
71428
71452
71453
71475
71530
71531
71533
71542
71551
71558
71559
71562
71566
71584
71607
71622
71664
71667
7166
71676
71681
71694
7169
71723
71725
7172
71738
71744
71768
71773
71777
71780
71786
7178
71791
71796
717
71823
71824
71853
71855
71889
71907
71936
71963
71969
71971
71977
71985
71990
72003
72005
72008
72024
72027
72039
72046
72051
72064
72066
72076
72093
72095
72113
72118
72129
72132
72136
72146
72172
72179
7217
72190
72212
72214
72218
7222
72269
72272
72285
7229
72318
7234
72361
72377
72382
72390
72406
72422
7244
7245
72486
72501
72541
72542
72572
72574
72600
7263
72640
72673
72677
72686
72695
72699
72703
72704
72709
72741
72760
72784
72785
72810
72868
72881
72897
72912
72923
72934
72935
72937
72940
72954
72963
72965
72999
73023
73034
73064
73068
73073
73094
73101
7311
73139
73148
73153
73171
73176
73183
73203
73207
7321
73232
73256
73272
73279
73290
73319
73324
73344
73351
73368
7336
73383
73392
73406
73410
73412
73433
73442
73483
73484
73488
73517
73520
73538
73552
73560
73597
7361
73638
73717
73718
73720
7372
7373
73747
73760
7377
73793
73796
73822
73823
73841
73854
73860
73885
73897
73910
73912
73926
73927
73948
73949
7395
73961
73967
73968
7396
73976
73980
7398
73991
74009
74016
7402
74053
7406
7407
74102
74105
74135
74146
74147
74151
74155
74169
74190
741
74200
74225
74230
74234
74242
74253
74258
74259
7425
74273
74279
74292
74303
74309
74325
74338
74347
74348
74352
74353
74356
74360
74361
74362
74371
74373
74401
74424
74431
74436
74440
74459
74464
74479
74492
74495
74496
74502
74505
74511
74512
74531
74566
74577
74586
74604
74609
74618
74619
74627
74641
7464
74659
7465
74667
74671
74676
74694
74699
74704
74706
74720
74725
74734
74737
74742
74744
74750
74763
74770
74790
74794
74809
74829
74839
74842
7484
74881
74884
74913
74914
74935
74947
74953
74957
74969
74971
7500
75010
75026
75032
75034
75049
75058
75069
75085
75086
7509
75109
75110
75123
75131
7515
75164
75171
75174
7518
75244
75247
7525
75266
75283
75287
75290
75299
75318
7531
75332
75337
75350
75356
75377
75385
75395
75398
75406
75415
75423
75434
75466
75469
7549
75504
75541
75562
75580
75581
75610
75612
75616
75639
75657
75680
75697
75718
7573
75765
75772
75778
75783
75793
75806
75811
75814
75826
75832
75838
75841
75847
75852
75856
7585
75875
75885
75895
75898
758
75913
75917
75931
75934
75942
75975
75978
75988
75990
75995
76007
76016
76022
76031
76033
76036
76114
76124
76125
76142
76152
76166
76180
76200
7620
76213
76216
76224
76225
76227
7623
76275
76288
76291
76297
7629
762
76333
76341
76347
76358
76372
76375
76386
76395
76398
76400
76408
76416
76417
76421
76426
76436
76445
76485
76504
76527
76541
76549
76558
76567
76570
76583
76593
76599
76601
76615
76623
76624
76633
76643
7666
76674
76709
76710
76729
76747
76754
76759
76769
76817
76820
76823
76827
76838
76850
76855
76856
76860
76882
76886
76895
76912
76915
7692
76957
77021
77034
77062
77072
77088
7708
77098
7709
77106
77112
7711
77142
77154
77185
7719
77208
77211
77234
77237
77240
77245
7728
77309
77311
77319
77372
77374
77432
77454
7747
7749
77508
77510
77518
77526
77565
77568
77597
77623
77650
7765
77687
77688
77698
77708
77722
77724
77730
77747
77785
77811
77816
77824
77825
77837
77862
77878
778
77906
77925
77936
77963
77991
7799
78005
78007
78020
78027
7803
78044
78052
78064
78081
78105
78111
78114
78120
78174
78178
78183
78191
7819
78204
78205
78227
78229
7824
78255
78257
78264
78265
78266
78268
78290
78329
78337
78339
78345
78375
78382
78396
78416
78457
78468
78476
78515
78520
78523
78527
78530
78559
78584
78588
78596
78606
78614
78617
78644
78650
78673
78688
78719
78760
78768
78773
78782
78785
78786
78787
78807
78835
7886
78870
78878
78879
78900
7890
78914
78927
78935
78936
78946
78952
78959
78969
78970
78975
78979
78996
79006
7901
79034
79053
79054
79068
7906
79080
79081
79116
79121
7912
79142
7916
79172
79174
79216
79221
79248
79249
79271
79285
79298
7929
79302
79312
79313
7932
79342
79348
79360
79376
79379
79382
79423
79436
7944
79451
79475
7947
7949
79518
79529
79544
79562
79583
79589
7959
79606
79610
79626
79631
7965
79673
79677
79698
79715
79742
79747
79758
79769
79775
79790
79801
7980
79839
79845
79852
79859
79867
79878
79885
79908
79927
79950
79963
79973
79978
80024
80025
80053
80057
80076
80077
8009
80101
80103
80122
80133
80173
80185
80196
80197
80205
80206
80207
80209
80210
80230
80231
80237
80253
80261
80263
80267
80290
80313
80314
80317
80323
80335
80352
80361
8038
80399
80428
80435
80465
8046
80499
80513
80517
80520
80531
80534
80574
80579
80585
80593
80619
80651
80708
80717
8073
80754
80796
80802
80856
80858
80865
80866
80869
80901
80923
80933
80934
80942
80944
80962
80963
80973
80978
80987
80988
80989
80993
81005
81014
81024
81055
81066
81080
81095
81106
81135
81137
8114
81152
81190
81204
81234
81236
8124
81269
81275
81290
81307
81315
81316
81328
81352
81372
81378
81383
81384
81396
81408
81432
81436
81440
81445
81465
81468
81479
81484
81495
81505
81510
81521
81545
81551
81553
81591
81592
81603
8160
81629
81644
81656
8165
81661
81662
81695
81716
81730
81755
81759
81762
81765
81777
81783
81789
817
81820
81827
81831
81832
81842
8184
81864
81866
81881
81901
8190
81912
81939
81948
81963
81972
81977
81979
81
82014
82026
82039
82061
82095
82103
82138
82185
8218
82223
8223
82265
82291
82292
8234
82350
82351
82359
82385
82405
82408
82448
8244
82453
82465
82477
82482
8253
82540
82555
8257
82607
82640
82658
82686
8269
826
82729
8272
82731
82735
82770
82823
82826
82847
82855
82865
82875
8287
82883
82892
82913
82923
82960
82961
82970
82984
83032
83047
83061
83071
83085
8308
83098
830
83102
8314
83151
83160
83193
831
83204
83211
83232
83259
83291
832
83322
83333
83340
83345
83373
83380
83381
83415
83431
83456
83468
83471
83475
83478
83490
83502
83506
83510
83522
83544
83545
83547
83561
83564
8358
83597
83604
83611
83621
83635
83643
83683
83702
83737
83753
83760
83789
8380
83815
83820
83855
83856
83865
83866
8386
83877
83893
83897
838
83900
83911
83912
8391
83920
83928
83936
83955
8395
83960
83981
84008
84014
84034
84074
84081
84094
84111
84122
8412
84139
84142
84152
84162
84174
84186
84191
84201
84206
84219
84238
84239
84265
84283
84285
84336
84348
84353
84370
84391
84400
84410
84420
84425
84436
84445
84457
84468
84480
84513
84517
84523
84526
84534
8453
84546
8454
84577
84606
84630
84632
84636
84637
84639
84646
8464
84651
84657
84662
84694
84702
84712
84715
84725
84728
84733
84755
84758
84762
84764
84780
84795
84821
84846
84898
84902
84906
84919
84923
84924
8492
84935
84942
84946
84947
84971
85007
85055
85062
85065
85066
85087
85108
85139
8515
85164
85167
85184
85187
85198
8519
85213
85214
8521
85222
85225
8522
85254
85265
85267
85276
85285
85313
85314
8532
85336
85353
85389
85413
85424
85426
85437
85444
85450
85464
85479
85484
85495
85502
85517
85531
85534
85537
85543
85556
85574
85581
85605
85612
85657
85665
85687
85689
85698
85707
8570
85726
85765
8578
8579
85810
85814
85816
85834
85838
85843
85848
85853
85856
85868
8586
85873
85880
85889
858
85903
85904
85925
85940
85946
8595
85962
85982
85
86025
86036
86037
86047
86073
86083
86093
86126
86142
86171
86172
86204
86226
86237
86240
86242
86244
86253
86262
86276
86288
86316
86343
86352
86367
86371
86381
86383
86389
8639
86405
86413
8643
86452
86465
86494
86528
86552
86581
86582
86586
86604
86606
86609
86632
86646
86672
86676
86686
86688
866
86709
86718
86725
86729
86748
86752
86773
86803
86810
86829
8682
86834
86835
86843
86861
86863
86867
86876
86878
86883
86913
86915
86922
86934
86950
86957
86959
86960
86965
86975
8700
87015
87021
87022
87038
87042
87066
87075
87107
87135
87139
8713
87149
87170
87178
87189
87214
87219
87221
87222
8725
87266
87269
87270
87280
87325
87364
87370
87372
87373
87376
87380
87389
87391
87394
87406
87427
87435
87448
87449
87452
87456
87458
87463
87479
87483
87492
8750
87558
8755
87576
87600
87615
87622
87656
87663
87664
8767
87694
87729
87733
87740
87746
87757
87767
87776
87786
87823
87828
8782
87833
87835
87849
87853
87863
87865
87869
87875
87879
87888
87902
8790
87913
87915
87923
87973
87983
87985
87991
87997
879
88006
88013
88014
88016
8801
88026
88048
88062
88065
88067
8807
8809
88115
88142
88162
88163
88164
88178
88197
88220
88225
88226
88231
88240
88241
88245
88258
88281
88283
8828
88296
88303
88305
88316
88322
88330
88337
88338
88343
88346
88380
88381
88382
88383
88419
8842
88431
88444
88457
88460
8846
88512
88513
88559
88574
885
88607
88616
88627
88640
88660
88661
88667
88679
88686
88691
88702
88704
88712
88726
88737
88758
88765
8877
88780
88787
88790
88796
88810
8882
88839
88856
88881
88884
88889
88904
88913
8891
88926
88938
88943
88957
88964
88967
88971
88975
88988
89008
89027
8904
89051
89062
89063
89065
89085
89094
8911
89154
89157
89159
89167
89169
89170
89184
89191
89200
89224
89230
89233
89238
89244
89252
89256
89259
89267
89273
89283
89287
89290
89305
89328
89339
89350
89356
89368
89395
8941
89423
89455
89457
89477
8949
89513
89521
89524
89541
89542
89581
8959
89610
89629
8965
89678
89685
89694
89704
89705
89708
89710
89716
89726
89734
89750
89754
89761
89791
89798
89800
89820
89822
89844
89859
89873
89876
89879
89892
89894
8989
89903
89945
89978
89980
89996
8
90005
90008
90019
90021
90030
90043
90053
90062
90077
90101
90115
90124
90127
90133
90149
90183
901
90202
90218
90230
90231
90240
90241
9025
90288
90289
9028
90309
90312
90328
90335
90340
90341
90342
90346
90354
90395
90396
90397
9039
90401
90409
90439
90443
9045
90466
9047
90482
90486
90490
90508
9050
90513
90522
90524
9053
90544
90545
90549
90561
90571
90579
90586
90590
90609
90619
90639
90644
9064
90684
90685
90688
90697
90700
90711
90720
90727
90739
90751
90754
90758
90764
90769
90784
90799
9081
90844
9084
9086
9088
90891
90899
9091
90926
90945
90970
91005
9100
91016
91019
91077
91087
91111
91119
91121
9112
91143
91147
91154
91161
91168
91177
91186
91191
91194
91220
91227
91253
91256
91262
91290
91313
91321
9132
91368
91382
91383
91392
91401
91414
91415
91421
9145
91475
91477
91478
91480
91484
9148
91501
91519
91529
91535
91568
91579
91582
91595
91596
91603
91611
91622
91623
91658
9165
91668
91679
91705
91709
91710
91723
91725
91738
91742
91753
91756
91764
91773
91777
91778
91798
91803
91837
91841
91874
91875
91879
918
91905
91909
9190
91910
91914
9191
91927
91937
91963
91970
91971
91977
91980
91999
91
92009
92016
92033
92055
92076
92089
92104
92114
92119
92122
92132
9214
92161
92180
92194
92195
92196
92198
92221
92223
92227
92251
92254
92261
92270
92274
92285
92299
92311
92313
92321
92325
92330
92339
92388
92410
92418
92439
92445
92459
92474
92476
92497
92498
9249
92528
92542
9255
92561
92577
92584
92610
92611
92616
9261
92628
92637
92647
92648
92649
92662
92697
92705
9271
92729
9273
92741
92747
92754
92757
92768
92798
92828
9282
92842
92846
9287
92888
9288
92891
92897
92900
92922
92941
92952
92957
92982
9298
92991
92996
9299
93003
93050
93053
93084
93130
93132
93135
93136
93137
93138
93143
93169
9317
93181
9319
93208
93212
93214
93226
93244
93247
93252
93266
93312
93317
9331
93338
93346
93365
93396
9339
93401
93406
93437
93458
93470
93474
93483
93496
93499
93503
9350
93531
93532
93543
93545
93546
93562
93571
93577
93593
93612
93613
93616
93644
93664
93686
93695
93714
93718
93723
93751
9377
93784
93822
93836
93842
93861
93890
93897
93898
93901
93902
93920
93923
93925
93926
93928
93933
93934
93952
93958
93969
93987
94012
94020
94025
94068
94071
94090
94092
94096
9410
94112
94113
94131
94170
94186
94188
94211
94214
94223
94235
94245
94264
94273
94285
9428
94291
94292
9430
94316
94321
94324
94371
94376
94378
94385
943
94424
94425
94464
94488
94511
94531
94533
94541
94559
94619
94632
94637
94675
9467
94719
9471
94723
94745
94750
94796
94797
94806
94807
94819
9481
94836
94850
94911
9491
94933
94937
94985
95013
95063
95066
95074
95078
95084
95106
95124
95131
95136
95157
95174
95193
95202
95230
95234
95250
95253
95286
95297
9529
95301
95310
95323
95364
95380
95417
95471
95477
95491
95519
95532
95542
95558
95560
95567
95575
95589
95595
9561
95621
95629
95637
95645
95650
95656
95672
95674
95697
95746
9576
9577
95789
95806
95827
95829
95835
95857
95874
95875
95893
95898
95915
9591
9592
95931
95950
95956
95961
95970
95998
96006
96008
96013
96045
96048
96076
960
96115
96120
96138
96161
96178
96184
96191
96192
96199
9620
96213
96221
96225
96240
96242
96244
96245
96253
96268
96293
96308
9630
96322
96330
96362
96395
96400
96423
96431
96449
9645
9646
96476
96518
96526
96530
96535
96547
96573
96586
96595
96596
96604
96626
96641
96648
9664
96654
96670
96672
96687
96692
96707
9670
96717
96722
96728
96741
96756
96765
96771
96779
9677
96789
96812
96816
96846
96881
96917
96922
96927
96928
96940
96972
96976
96981
96984
96986
97002
97010
97014
97018
97039
9705
97067
97094
97096
97099
97113
97134
97137
9714
97179
97184
97192
97193
971
9720
97232
97244
97246
97253
97255
97258
97273
97277
97285
97289
97296
97303
97310
97325
97332
97360
97362
97380
97387
97390
97394
97410
97414
97415
97416
97431
97449
97456
9746
97497
97512
97513
97516
97521
97538
97572
97584
97585
97595
9759
97603
97608
97618
97627
97645
97655
97666
9767
97682
97720
97741
97744
97746
97774
9778
97795
97818
97830
97852
97856
97904
97913
97915
97924
97930
97947
97948
9794
97950
97961
97967
97978
97991
9800
98023
98046
9805
9806
98070
98090
98101
9810
98110
98111
98122
98148
98154
98159
98165
98166
98168
98175
98194
98196
98201
98203
98204
98208
98231
98256
98265
98268
98277
98291
98294
98298
98344
98346
98363
98364
98426
98431
98441
98453
98458
98464
9846
98470
98504
98515
98516
98524
98528
98529
98531
98541
98546
98558
98560
98567
98570
98573
98574
98583
98595
98614
98625
98630
98636
98638
98648
98679
98723
98725
98737
9875
98768
98770
98779
98788
98802
98821
98823
98837
9886
98874
9892
98
9900
9927
9928
9950
9957
995
996
9979
9986

10056
10063
10128
1012
10159
10175
10189
10191
10214
10227
10270
1028
10291
1031
10375
10377
10388
10426
10434
10446
10479
10496
10502
10523
1054
10570
10582
10593
10686
10705
10741
10790
10820
10939
10956
11050
11061
1113
11151
11184
11205
1120
11229
11251
11294
11300
11307
1130
11335
11381
11403
11535
11620
11621
11623
11625
11642
11722
117
11893
1191
11993
12000
12001
12004
12047
12186
12198
12229
12253
12308
12339
12420
12467
12503
12529
12552
12579
12596
12604
12605
12614
12643
12654
12661
12686
12704
12847
12858
12883
12957
12982
13012
1301
13027
13041
13044
13059
13073
13083
13098
13101
13119
13143
13163
13236
13274
1334
13384
13430
13456
13457
13471
13497
13527
13529
13627
13701
13792
13802
13818
13869
13870
138
13917
13919
13920
13931
13942
13952
13987
13
14012
14025
14092
14154
14157
14215
14240
14331
14356
14359
14391
14397
143
14459
14484
14505
14553
14558
14614
14625
14663
14724
14776
14819
14823
14901
14966
14999
15023
1507
1510
1512
15155
15159
15220
1522
15237
15332
15366
15375
15392
1542
15489
15497
15520
1556
15570
1557
15641
15642
15645
1569
15702
15705
15713
15766
15773
15779
15796
15905
15943
15987
15991
16065
1616
16184
16188
16219
16243
16275
16360
16366
16379
16394
16395
1642
16433
16484
16489
16570
16686
16705
16721
16813
16814
16826
16840
16842
16921
17256
17257
17317
1731
17370
17389
17405
17417
1747
17483
17488
17563
17589
17638
17655
17721
17722
1774
17779
17805
17806
17814
17857
17879
17892
17897
17912
17924
1792
17947
17956
17968
17971
17985
17987
18024
18029
18071
18073
18087
18096
18124
18130
18160
18192
18197
18203
18247
18266
18319
18390
18397
18407
18408
18447
1845
18503
18506
18509
18536
18569
18581
18605
18622
18639
18656
18660
18661
18667
18678
18693
18716
18720
18733
18839
1883
18885
18889
1891
18925
18935
18985
19000
19006
19058
1905
19082
19325
19339
1935
193
19452
19471
19485
19497
1951
19552
19630
19691
19711
19713
19715
1978
19790
19801
19862
19871
198
19917
19973
20015
20038
2007
20194
20224
20347
20351
204
20516
20566
20600
20605
20637
20670
20774
20781
20831
20863
20874
20942
20968
20974
20982
20986
21005
21032
2105
21090
21094
2109
21121
21126
21216
21261
2126
21290
21294
21298
21378
21392
21427
21444
21525
21529
21546
21588
21651
21671
21683
2170
21723
21745
21774
2182
21840
21841
21919
21960
22006
22037
22067
22069
22075
22183
22194
22212
22219
22268
22284
22286
22305
22312
2231
22409
22415
22428
22433
22436
22515
22545
22576
2257
22599
22647
22673
22682
22693
22696
2272
2273
22748
22779
22827
22904
22974
2298
23019
23068
23088
23140
2315
23170
23198
23204
23272
23320
23353
23384
23475
23539
23651
23686
23726
23738
2377
23791
23836
23840
23842
23926
23962
23978
23991
24019
24138
24143
24165
24178
24196
24197
24205
24258
24284
24328
24348
24352
24425
2443
24448
24514
2453
24550
245
24611
24658
24661
2468
24747
24764
24804
24893
24931
24945
24993
25058
25086
25091
25200
25217
25220
25226
25260
25271
25279
25287
25296
25332
25333
25397
25418
25421
25451
25503
25510
25555
25579
25588
25589
2560
25641
25647
2569
25722
25773
25792
25815
25823
25839
25844
25883
25886
2591
26042
2604
26065
26066
26112
26127
26151
26176
26203
26206
26212
26234
26242
26243
2624
26310
26325
26329
26356
26401
26446
26490
26515
26582
26615
26628
2666
26672
26682
26710
26715
26724
26789
26987
27009
27040
27044
2706
27083
27090
27094
27121
27169
27179
2717
27229
27234
27237
27263
27273
27354
2736
27424
27441
27473
27505
27510
27520
27609
27622
27645
27663
27674
27745
2777
27865
27903
27930
27969
27983
27986
2799
28006
28009
28040
28073
28075
28134
28154
28172
28184
28195
28197
28200
28218
28229
28256
28320
28322
28351
28356
28390
28408
28410
28421
28425
28455
28530
28592
28617
28638
28661
28702
2873
28763
28808
28834
28927
28988
29002
29008
29033
2903
29071
29082
29098
29107
29123
2915
29175
29178
29219
29251
29273
29282
29297
29313
29315
29318
29324
29332
29347
29362
29363
29385
29389
29400
29439
29448
29491
29501
29507
2952
29550
29593
29597
295
29614
29618
29714
29785
2981
29836
29849
29859
29875
29886
29908
29926
29959
29998
2
30029
30077
3015
30178
30205
30220
3027
3028
30328
30363
30437
30536
30543
30649
30690
30713
30732
30766
30790
30800
30838
30874
30915
3097
309
31005
31007
31028
31077
31082
31158
31164
31229
31262
31311
31335
31336
31372
31421
31445
31483
31485
31493
31516
31524
31565
31583
31602
31641
31643
31728
3174
31752
31755
31765
31779
31784
3178
31801
31816
31826
31884
31912
31990
31998
32054
32067
32097
32108
32162
321
32223
32259
32277
32320
32356
3236
32477
32521
32565
32571
3265
32691
32717
32733
32773
32797
32871
32920
32942
32957
32960
32990
3299
33002
33024
33029
3304
33075
33106
33127
33132
33160
33162
33175
33182
33187
33237
33241
33292
33351
33414
33477
33480
33520
33565
3358
3360
33700
33714
33768
33807
3381
33871
33887
33902
33906
33913
33967
33981
34063
34126
34136
34312
34334
34363
34441
3447
3448
34501
34520
34525
3452
34548
3457
34595
34603
34605
34623
34626
34636
3465
34665
34711
34726
34729
34771
34778
34782
34867
3492
34953
34962
34974
34978
35034
35059
35089
35155
35157
35161
35175
35205
35404
35408
35419
35422
3545
35507
35542
35551
35587
35603
35646
35648
35655
35687
35693
35743
35769
35824
35857
35881
3589
35925
35954
3595
35984
36006
36021
36046
36060
36091
36107
36118
36140
36167
36180
36185
36213
36272
36273
3629
36302
36325
36342
3634
36362
36393
36412
36452
36455
36465
36466
36476
36477
364
36541
36546
36549
36550
36685
36686
3668
36756
36786
36793
36799
36836
36857
36902
3691
36945
36966
37028
37038
37039
37040
37104
37113
37124
37145
37172
3721
37242
37281
37304
37446
37451
37460
37468
37500
37635
37727
37771
37789
37836
37862
37910
38022
38030
38052
38053
38062
38078
38108
38114
38135
38142
3815
38167
38175
38177
38199
38254
38273
38304
38365
38371
3838
38395
38486
38527
38530
38587
38609
38711
38723
38731
38747
38836
38990
38995
39049
3913
39166
39248
39338
39375
39380
39382
39470
39475
39493
394
39565
39591
39610
39628
39660
39663
39681
39762
39785
39792
39839
39950
39993
40008
4001
40022
40043
40087
400
40101
40168
40179
40308
40317
40320
40363
40375
40402
40428
40458
40461
40486
40491
40588
4059
40799
40839
40879
40890
40935
40995
41052
4107
41091
41097
41129
41137
41139
41141
41154
41163
41274
41294
41321
41346
4134
41368
41372
41415
41440
41460
41462
41464
41523
41560
41562
41568
41585
415
41605
41626
41653
41747
41771
41857
41865
41889
41895
41940
41959
41963
41988
42016
42040
42060
42108
42136
42162
42209
42223
42260
4227
42282
42293
42329
4232
42332
4233
42372
42381
42399
42493
42515
4256
4257
42593
42661
42664
42709
42791
42804
42818
42829
42877
42881
42883
42891
42905
43004
43013
43033
43067
43070
43074
43134
43136
43144
4317
43196
4323
43248
43305
43326
43380
43393
4342
43479
4348
43541
43560
43598
43600
43766
43773
43778
43789
43792
43833
43852
43856
43867
43929
44027
4407
44151
44170
44235
44244
44295
44361
44376
4442
44448
44480
44539
44600
44609
44610
44678
44680
44681
44708
44718
44754
44758
44768
4481
44820
44883
44887
44916
44936
44957
44966
44969
4496
44980
44983
45046
45050
45154
45248
45259
45290
45367
45417
4541
45433
45438
45495
45535
45546
45641
45657
45703
45767
45777
45793
45835
45839
45846
45901
45939
45966
45973
46070
4607
46120
46127
46163
46180
46204
4620
46211
46232
46266
46278
46292
46295
46324
46341
46346
46360
46423
46428
46459
46462
46473
46490
46506
46591
46601
46630
46674
46729
46746
46818
46874
46891
46904
46907
46917
46949
46960
46989
46994
47022
47057
4710
47144
47168
47192
47234
47240
47259
47273
47292
4731
47375
47413
47467
47556
47579
47637
47738
47768
47782
47787
47815
47899
478
47910
47948
47989
48010
48019
48096
4809
48103
48123
48126
48135
48162
48184
48200
48260
48307
48356
48397
48399
48406
48424
48435
4849
48536
48540
48562
48565
48586
48607
48622
4863
4867
48690
48738
48757
48796
48857
48866
48869
48887
48932
48965
4900
49013
4902
49049
49054
49063
49100
49124
49166
4917
4918
49248
49257
49284
49288
49324
49372
49382
49402
49443
49474
49478
49490
49537
49551
49566
49631
49687
49699
4969
49760
49763
49843
49902
49924
49945
4997
49983
49984
49994
49997
4999
50075
50116
50161
50248
50345
50453
50473
50505
50510
5051
50523
50524
50549
505
50625
50648
50716
50732
50739
50756
50796
5080
5081
50924
50937
51001
51031
51071
51076
51111
51115
51123
51142
51178
51217
51258
51290
51306
51366
51386
51389
51434
51435
514
51519
51551
51554
51564
51572
51584
51633
51709
51753
51776
51843
51859
51875
51886
51947
51997
5201
5202
52075
52127
52128
52166
52207
52211
52214
52240
52252
52255
52281
52290
52304
52333
52335
52429
52445
52461
52491
52497
52511
5257
52662
52667
52682
5275
52777
527
5282
52862
52872
52875
5288
52893
52988
53003
53027
53107
53127
53134
53139
5313
53149
53176
53194
53214
53268
53304
53311
53326
5332
53459
5345
53468
53500
53526
53566
53642
53722
53765
53770
53772
53794
53796
53800
53912
53944
5401
54022
54036
54085
54091
54093
54180
54237
5424
54251
54267
542
54302
54328
54339
54487
54490
54525
54528
54531
54607
54608
5463
54663
54677
5468
5470
54739
54749
54844
54864
54869
54874
5491
54930
54934
54944
54963
55021
55055
55095
55125
5512
55149
55157
55200
55237
55241
55359
5536
55385
55432
55437
55514
55520
55540
55562
55574
55631
55632
5568
55730
55742
55777
55792
55793
55813
55829
55865
55869
55878
55926
55943
55998
56010
56054
56057
56214
56226
56245
56247
56248
56263
56272
562
56320
56334
56350
56360
56374
5640
56455
56477
56537
56576
56587
56649
56651
56699
56711
5672
56737
56741
56763
56815
5682
56855
56879
56922
56972
56997
57018
57064
57098
57105
57137
57142
57153
5715
57237
57267
57278
57280
5728
57363
57389
57404
57437
57488
57496
57505
57515
57526
57571
57608
57689
57698
57708
57710
5773
57768
57771
5783
57995
58006
58008
58029
58030
58061
58067
58184
58194
58223
58247
5824
58250
58257
58281
58303
58323
5836
58380
5841
58436
58531
58534
58569
58604
58636
58660
5869
58710
58719
58771
58781
58824
58828
58835
5886
58878
58894
58900
58978
59005
59013
59031
59076
59155
59164
59223
59240
59242
59252
59271
59301
59327
59347
59350
5937
59384
59471
59476
59515
59623
59662
59676
5970
59732
59745
59798
59813
5982
59877
59926
5992
59948
59977
59978
5997
59980
59982
5998
60037
60075
6008
60094
60099
6011
60137
6017
60209
60241
60251
60268
60380
60406
60415
60478
60484
60522
60529
60572
60583
60598
60636
60637
60655
60678
60702
6071
60727
60737
60750
6075
60784
60801
60928
6096
61033
61035
61039
61102
61133
61135
61176
61231
61238
61275
61377
61383
61396
6140
61411
61448
61461
61524
61546
61558
61592
61672
61747
61756
61770
61789
61811
61901
61923
61956
61958
6195
61960
62019
62025
62036
62052
62077
62105
62157
62161
62167
62199
62236
62247
62269
62282
62411
62430
62526
62540
62596
62599
62641
62713
62725
62728
62770
62778
62790
62806
62818
62847
62953
62965
62981
62983
63032
63045
63047
63065
63084
63102
63112
63120
63144
6319
63201
63235
63254
63264
63266
63276
63303
63327
63398
63436
63467
63472
634
6352
63542
63555
63574
63581
63626
63645
63659
6365
6366
63681
63702
63704
63771
63786
63799
63839
63840
63857
63913
63915
63917
63993
63994
64086
640
64109
64120
64142
64143
64190
64195
641
64208
64226
64248
6425
64352
64371
64400
64408
64412
64423
6444
64488
64497
64499
64554
64626
64670
64719
6474
64752
64774
64834
64871
64876
64883
64957
64985
65004
65016
65050
65052
65059
65075
65090
65096
65138
65142
65179
65242
65285
65305
65357
65388
65419
65423
65428
65465
65478
65488
65599
65600
6560
6567
65708
65709
65736
65749
65768
65776
65779
65785
65815
65821
65840
65857
65858
65901
6599
66004
66010
66019
66046
66056
66096
66117
6619
66205
66251
662
66329
66398
66414
66415
66449
66482
6652
66549
66589
66663
6673
66834
66884
6688
66922
67033
6704
67215
67226
67262
67272
67280
67315
67316
67372
67396
67401
6756
67638
6764
67664
67682
6769
676
67704
67709
67753
67754
67763
67791
67800
67828
67855
67987
67997
68027
68054
68066
68109
68158
68191
68228
68231
6824
68268
68330
68353
68359
68419
68430
6844
68462
68473
68474
68493
68501
68573
68667
68678
68714
68753
6875
68775
68778
68779
68855
6885
68870
6892
69015
69096
69103
69108
69203
69211
69241
69243
69264
69296
69321
69373
69413
69425
69435
69444
6947
69482
69483
69513
69518
69522
69570
69609
69636
69658
69666
69700
69725
69728
69747
69776
69828
69857
69921
69928
69951
69963
6998
6999
70027
70050
701
70218
70274
70288
70343
70386
70437
70439
70489
70495
70501
70510
70524
70661
70707
70719
70814
70815
70858
70873
70914
7092
70979
70995
71001
71017
71022
7103
71049
71155
71174
71208
71233
71249
71290
71412
71537
7153
71563
71597
71616
71626
71745
71751
71783
71807
71839
71844
71876
71937
71957
71982
72001
72034
72069
7206
72078
72089
72108
72147
7219
72200
72284
72383
723
72425
72446
72461
72478
72488
72517
72550
72633
72645
72688
7268
72694
72722
72737
7273
72765
72771
72809
72835
7286
72880
72883
72895
72960
72994
73019
73069
73110
73121
73163
73224
73250
7331
73379
73390
7341
73453
73464
73489
73558
73576
73587
73624
73700
73774
73792
73802
73804
73812
73838
73956
73970
739
73
74020
74070
74148
74171
74189
74240
74243
74267
74315
7433
74340
74380
74412
7443
74446
74450
74480
74518
74535
74553
74599
74622
74638
74646
74650
74656
74668
74716
74722
74726
74791
74806
74818
74836
7483
74841
74872
74908
75022
75067
75148
75170
751
75227
75282
75322
75448
75494
7550
75514
75545
75547
75564
75590
75600
75607
75615
75670
75703
75711
75763
75868
75881
75883
75952
75973
76008
76040
76048
76075
76076
76091
76094
76122
76228
7622
76286
76329
76434
76474
76507
76521
76568
76611
76619
76626
76649
76675
76677
76697
76734
7675
76771
76837
76858
76874
76876
76900
76966
77024
77107
77147
77156
7718
77257
77276
77280
77303
77343
77344
77352
7736
77424
77439
77475
77520
77533
77551
77598
77600
77607
77713
77731
77794
77795
77800
77841
77868
77883
77910
77983
77988
78061
7807
78189
78226
78233
78307
78340
78349
78431
78441
78464
78472
78501
78507
78534
78552
78573
7857
78585
78589
78591
78604
78624
78678
78692
78706
78754
78816
7888
78923
78961
78974
78990
79023
79027
79029
79058
79125
79126
79157
79294
79332
79381
79414
79416
79441
79464
79487
79495
79532
79556
79559
79572
79595
79596
79616
79643
79656
79688
79694
79710
79816
79907
79920
79924
79937
79939
80045
80064
80117
80124
8012
80152
80156
80188
8018
80215
8022
80235
80239
80246
80265
80309
8031
80391
80394
80416
80466
80471
80494
80525
80568
80622
80631
80675
80690
80692
80709
80765
80766
80824
80841
80910
80911
80925
8098
80998
8099
81000
8100
81047
81104
81111
81142
81148
81167
8121
81223
81264
81302
81392
813
81412
81417
81422
81434
81455
81474
81478
81514
8153
81589
81593
81595
81601
81618
81674
81686
8169
81733
81751
81780
81817
81888
81949
819
82079
82082
82094
82136
82195
82216
8221
82246
82264
82318
82324
82401
82411
8241
82461
82469
82500
82505
82506
82508
82524
82532
82600
82619
82650
8266
82672
82748
82793
82925
83050
83072
83078
83118
83167
83172
83194
83195
83208
8320
83301
83325
83407
83422
83470
83476
83495
83499
834
83501
83503
83528
8355
83572
83589
83599
83630
83632
83638
83692
83718
8371
8375
83777
83786
83796
83816
83828
83878
83879
83888
83895
83899
83918
83944
83985
84003
84082
84126
84164
84252
84263
84269
84282
84284
84287
84289
84293
84294
84327
84332
84374
84423
84434
84459
84465
84476
84565
84574
84586
8458
84617
84626
84669
84673
84701
84729
84748
84783
84820
84859
84932
84957
84963
85024
85076
85115
85145
85195
85211
85262
85278
85377
85399
85420
85429
85447
85462
85481
85501
8557
8558
85636
85685
85758
85822
85862
85865
85881
85905
86042
86066
86072
86090
86184
86217
86245
86247
8629
86335
86340
86358
86368
86462
86481
86506
86532
86537
86543
86579
86590
86593
86596
86605
8661
86658
86665
86682
86716
86719
86757
86812
86842
86942
87018
87067
87068
87120
8714
87173
87220
87231
87262
87275
87288
87328
87338
87349
87396
8739
87513
87531
8753
87665
87672
87682
87685
87691
87701
87797
87799
87800
8783
87851
87862
87876
87919
87927
8793
87953
87959
87963
87970
87974
88015
88023
88027
88113
88140
88185
88211
88267
88320
88333
88418
88472
88546
88569
88586
88601
88619
88663
88672
88690
88724
88732
88735
88781
88783
88853
88868
88914
88940
8897
88999
89003
89023
89064
89092
89137
89174
89213
89239
89304
89367
8936
8939
89453
89485
89545
89550
8961
89623
89637
89691
8970
89739
89759
89780
89812
89841
89845
89860
89932
89987
8998
89995
90013
90057
90103
90126
90192
90198
90209
90210
90227
90311
90326
90375
90380
90407
90411
90420
90422
90424
90426
90444
90495
90520
90521
90536
90633
90638
90648
90677
90717
90723
90818
90853
90872
90889
90940
90960
90971
90978
90985
91027
91045
91058
91061
91075
91084
91200
91207
91213
91261
91281
91336
91365
91397
91399
91465
91514
91515
91534
91556
91559
91569
91574
91600
91618
91683
91702
91711
91715
91731
91739
91767
91792
91809
9180
91814
91827
91876
91895
91902
91939
91961
91987
92054
92152
9223
92260
9231
92367
92382
92399
92419
9242
92435
92456
92469
92478
92518
92523
92536
92572
92613
92673
92707
92730
92737
92774
92777
9280
92853
92868
92923
93043
93045
93056
93059
93103
93127
93168
93194
93241
93260
93265
93332
93350
93356
93382
93387
93416
93443
93491
93504
93521
9356
9360
93610
93709
93743
93747
93752
93780
93783
93802
93823
93851
93873
93877
93879
93888
93893
9389
93906
93976
9397
93981
9399
94015
9401
94028
94046
94058
94063
94082
94144
94200
94206
94240
94248
94287
94297
94307
94440
94455
94481
94589
94598
94604
94620
94649
94665
94686
94688
94691
94761
94777
94811
94825
94833
94874
94893
94908
94910
94932
94935
94942
94958
94966
95018
95041
95056
95135
95151
95189
95303
95377
95386
95393
95446
95470
95482
95500
95515
95561
95578
95658
95714
9574
95766
95780
95808
95896
96011
96053
96055
96062
96069
96153
96188
96224
9624
962
96303
9633
96382
96437
96439
96461
96501
96525
9652
96566
96615
9662
96661
96667
96676
96688
96726
96754
96802
96895
96950
96962
96971
97030
97043
97107
97222
97290
97378
97383
97409
97426
97468
9748
97496
97536
97549
97552
97597
97620
97625
97673
97707
97727
97737
97756
97776
97779
97811
97842
97848
97889
97903
97925
97932
98018
98061
98114
98115
98129
98157
98180
98237
9823
98246
98318
98340
98433
98439
98447
98501
9852
9854
98551
98598
98619
98640
98677
98708
98753
98785
98790
98793
98794
98846
98882
9902
992
9952
9966
9967
9994

10009
10020
10098
10101
10106
1011
10122
10123
10132
10139
10141
10150
10169
10172
10239
10246
10247
10251
10254
10274
10283
10286
10313
10329
10345
10356
10397
10402
10418
10463
10480
10489
1053
10561
10562
10567
10577
10583
10606
10608
1063
10654
1068
1069
10720
10748
10763
10771
10787
10822
10823
10828
10839
10855
10862
10864
10873
10878
10880
10881
10887
10917
10926
1094
10954
10972
10982
10983
10986
11004
11057
11075
11088
11096
11108
11129
11135
11143
11146
11150
1116
11211
11222
11237
11239
11241
11242
1125
11264
1126
11275
11285
11293
1129
11344
11346
11353
11397
1140
11421
11438
1145
11463
11486
11493
11494
11522
11529
11536
11555
11570
11576
11592
11600
11602
11617
11640
1166
11716
1172
11731
11761
11802
11815
11840
11864
11869
11877
11916
11935
11943
11988
12007
12008
12018
12044
12074
12091
12094
12113
12167
1216
12182
12244
12254
12256
12260
1232
12333
12342
12376
12395
12397
12398
12405
12422
12435
12455
12474
12497
12516
1252
12542
12567
12601
12612
12613
12621
12636
1263
12657
12675
12679
12728
12747
1277
12787
12799
12803
12816
12822
12825
12837
12842
1284
12884
12886
12887
12893
12901
12903
12914
12916
1294
12968
12981
12989
12993
13006
1300
13030
13054
13058
13068
13079
1307
1309
13100
13134
13195
13225
13247
13266
13306
13309
1330
13320
13322
13341
13349
13364
13365
13367
13368
133
13423
13426
13432
13435
13441
13446
13488
13502
13518
13535
13566
13567
13571
13598
13634
1365
13674
13687
13702
13703
13717
13735
13748
1374
13754
13765
13782
1378
13812
13819
13845
13864
13868
13911
13915
13941
13959
1395
13960
13962
13963
13981
1398
13990
14002
14006
14008
14024
14027
14031
14047
1404
14064
1406
14086
14091
14126
14135
14138
14143
14145
14146
14148
14167
14171
14179
14210
14211
14214
14235
14241
1431
1433
14344
14346
14369
14407
14420
14428
14430
14431
14460
14472
14551
14578
14588
14623
14637
14647
14671
14678
14679
14680
14686
14688
1468
14699
1469
14703
14710
14764
14777
14786
14829
14846
1484
14872
14881
14886
14887
148
14904
14957
14993
15000
15022
15025
15033
15041
15054
15058
15065
15091
15106
15134
15156
15158
15179
15191
15195
15224
15262
15274
15285
15287
1528
15305
15310
15313
15325
15342
15368
15370
15416
1541
15420
15423
15429
15436
15449
15458
1545
15461
15483
15495
15496
15503
15513
15527
1554
15568
15574
15577
1559
15600
15610
15613
15628
15655
15661
1567
15698
15704
15709
15749
15777
15778
15783
15794
1584
15860
15883
15886
15889
15906
15910
15932
15974
16027
16041
16048
16054
16083
16091
16102
16108
16120
16135
16137
1618
16207
16211
16279
16287
16299
16305
16337
16339
1634
16373
16392
16397
16400
16424
16432
16440
16446
16494
16495
16534
16535
16549
16584
16590
16591
165
16611
16617
1663
16682
16708
16720
16766
16790
16815
16843
16870
16878
16891
16908
16916
16931
16934
16940
16961
16982
16984
16994
16999
1700
17010
17057
17097
17103
17108
17111
17138
17140
1714
17164
1719
17213
17251
17276
17291
17292
1729
17310
17315
17326
17330
17336
17359
17361
17363
17411
1742
17434
17482
1752
1756
17573
17577
17582
17607
17622
17651
17671
17672
17681
17688
17691
17694
17697
17707
17712
17736
17762
17778
17837
17854
17860
17876
17881
17898
1794
17953
17958
17996
18015
18019
18028
18042
18044
18045
18050
18129
18162
18166
181
18211
18213
18224
18241
18281
18283
18297
182
18326
18328
18331
18334
18347
18366
18387
1839
18405
18427
18433
18444
1849
18504
18507
18513
18529
18532
18554
18561
18588
18589
18591
18606
18610
18654
18658
18707
18714
18717
18719
18727
18738
1875
18772
18783
18798
18799
18805
18828
18830
18831
18888
18976
18996
19014
19023
19092
19094
19103
19104
19105
19131
19145
19156
19201
19209
19211
19220
19264
19277
1927
19285
1929
19303
19319
19340
19342
19352
19357
1937
19398
19400
19415
1941
19427
19429
19451
19460
19480
19499
1949
19518
19529
19554
19566
19608
19643
19659
19675
1967
19685
19708
19731
19733
1973
19747
19764
19766
19774
19784
19840
19842
19858
19866
19882
19944
19947
19950
19953
19986
20003
20012
20016
20018
20020
20021
20027
20047
20057
20058
20084
20099
20124
20134
20174
20182
20196
20202
20227
20229
20243
20252
20259
20298
20321
20340
20361
20362
20371
20403
20408
20447
20462
20474
20491
20494
20499
20501
20504
2054
20602
2062
20642
20662
2066
20683
20717
20721
20737
20796
20819
20881
20889
20893
2089
20902
20903
20906
20910
20911
20914
20933
20946
20949
20951
21003
21004
21050
21051
21055
21088
2108
21108
21120
21142
21144
21161
21181
21211
21213
2121
2122
21246
21248
21267
21296
21302
21313
21330
21341
21349
21356
21361
21370
21371
2137
21403
21419
21426
21428
21434
21439
21442
21456
21457
21465
21473
21476
21499
21506
21507
21508
21524
21541
21558
21572
21574
21598
21617
2161
21657
21664
21687
2168
21699
216
21727
21732
21763
21766
21806
21820
21835
2185
21860
21863
21882
21891
21959
21964
21973
21980
22003
22033
22060
22064
22072
22089
2208
22146
22153
22180
22207
22208
22234
22297
22326
22372
22408
22421
22426
22430
22443
22445
22455
22462
22468
22497
22523
22536
22541
22566
22578
22591
22625
22644
22660
22683
22688
22697
22716
22741
22750
22769
22796
22824
22913
22921
22975
22980
23006
2301
23020
23051
23055
23057
23060
23094
23109
23120
23131
23136
23149
23192
23196
23199
23202
23248
23249
23260
23264
23313
23362
23385
23389
2341
23421
23430
2347
2352
23534
23566
23569
23574
2357
23594
23622
23625
23630
23632
23646
23648
2366
23670
2369
23710
23725
23731
23742
23745
23752
23757
23762
23766
2376
23819
23832
23857
23858
23862
23863
23865
23934
2394
23964
23971
23985
23989
23997
23
24008
24025
24038
24065
24081
24133
24153
24166
24190
24228
24238
2424
24253
24268
24281
24289
2430
24317
24330
24334
24335
24346
24357
24362
24364
24371
24414
24431
24445
24470
24480
24513
24520
24533
24535
2454
24567
2456
24575
24583
24584
24597
24635
24676
24688
24730
24734
24735
24755
24761
24773
24777
24796
24812
24822
24839
24844
24847
24865
24871
24872
24922
24928
24953
25012
25020
25021
25027
25044
25045
25067
25122
25125
25130
25136
25139
25162
25192
2521
25229
25234
25253
25257
2525
25266
25267
25273
25281
25302
25315
2532
25336
25343
25363
25392
25404
2540
25424
25434
25438
25439
25458
25489
25506
2551
2554
25578
25591
25592
25594
25606
25624
25625
25632
2564
25651
25671
25673
25676
25679
2567
25701
25724
25737
25777
25778
25806
25828
25861
25866
25867
25897
25907
25942
25946
25959
25988
2598
25991
25995
25998
25999
26020
26030
26120
26137
26147
26149
26152
26155
26158
26166
26227
2623
26245
26248
26258
26262
26278
2628
26331
26338
26349
26350
26361
26367
26370
26373
26377
26387
2638
26390
26393
26407
2643
26445
26452
26468
26480
26491
26497
26517
26520
26535
26538
26547
26563
26568
26573
26575
26586
2661
26644
26658
26702
26703
2671
26739
26756
26757
26766
26768
2676
26819
26835
26864
26865
26867
2686
26892
26896
26900
26912
26915
26917
26919
26925
26934
26940
26942
26954
26992
269
2700
27051
27076
27077
27092
27097
27111
27124
27125
27136
27162
27168
27174
27195
27197
27202
27228
27240
27241
27278
27314
27325
27347
27364
27371
2738
27395
27412
27431
27485
27486
27500
27509
27512
27524
2753
27563
27591
27642
27669
27722
27744
27752
27772
27801
2784
27850
27866
27875
27889
27892
27904
27917
2794
27956
27958
27975
2797
27985
27989
28017
28029
28032
28039
28046
28059
28112
28116
28120
2812
28159
28186
28193
28219
28228
28230
28233
2823
28271
2829
28315
28327
28337
28391
28404
28406
2840
28442
2844
28456
28461
28469
28470
28510
28525
28539
28572
28601
28608
28614
28615
28631
28635
28651
2869
28700
28701
28724
2875
28764
28772
28794
28813
28819
28894
28921
28931
28935
28951
28960
28973
28979
29015
29024
29030
29081
29088
29102
29112
29127
29157
29196
29202
29206
29217
29231
29237
29255
29289
29294
2929
29305
29322
29350
29367
29381
29390
29405
29411
2942
29456
29464
29465
29503
29506
29508
29510
29532
29548
29551
29580
29581
29594
29595
29619
2963
29640
29648
29649
29669
29692
29697
2971
29777
29797
29805
29810
29812
29816
29819
29828
2982
29860
29863
29867
29871
29877
29900
29903
29919
29943
29949
29953
29976
29980
29987
29988
29994
3006
30087
3008
30122
30123
30128
3013
30141
30144
30154
30162
30163
30196
30219
3022
30271
30278
30290
3030
30388
30407
30433
30440
30445
30447
30464
30469
30470
30478
3047
3048
30493
30495
30498
30500
30502
30508
30510
30511
30518
30522
30523
30533
30538
30555
30588
30612
30629
30637
30638
30645
30682
30699
30702
3070
30727
30729
30746
30781
30782
30784
307
30809
30828
30846
30863
30882
30890
30920
30922
30949
30953
30977
30983
30999
31016
31070
31104
31107
31139
31153
31213
31236
31241
31245
31249
31252
31258
31299
3129
31313
31316
31317
31321
31334
31371
31401
31422
31423
31453
31492
31502
31507
31530
31541
31594
31613
31626
31634
31652
31665
31666
31671
31690
31696
31698
3170
31714
31732
31749
31753
31756
31778
31782
31799
31812
31814
31840
31887
31908
31909
31915
31931
31960
31980
3199
319
32003
32021
3204
32058
32092
32103
32107
32115
32135
32152
32159
32171
32181
32202
32208
3221
32229
32239
32241
32275
3227
32290
32294
32311
32314
32325
32328
32333
3233
32355
32358
32387
32389
32399
32406
32418
32421
32478
32493
32494
32499
32502
32530
32542
32551
32566
32569
32578
32592
32600
32635
32646
3264
32669
32706
32709
32719
32729
32743
32764
32805
32807
32825
32834
3284
32859
32862
32874
32882
3290
32915
32936
32938
32954
32962
32994
33013
33072
33081
33089
33093
33102
33105
33133
33143
33148
33161
33188
33195
33199
3319
33204
3321
33225
33229
33240
33251
3325
33288
33325
33336
33345
33380
33381
33407
33420
33424
3342
33438
3344
33490
33499
33508
33515
33533
33537
33584
33586
33634
33635
3363
33664
33687
33697
33707
33715
33717
33752
33783
33786
33810
33845
33880
33908
33912
3391
33929
33930
33935
33937
33946
33964
33969
33970
33973
3397
33987
34004
3401
34048
34052
34081
34083
34085
3408
34091
34096
34106
34111
34118
34119
3411
34129
3415
34176
34194
34195
34197
34200
34214
34228
34251
34286
34302
34324
34327
34336
34347
34413
34426
34442
34444
34480
34485
34486
34517
34522
34534
34546
34547
34553
34561
34562
34571
34586
3464
34680
34696
34697
34779
34786
3480
34818
34827
34838
34851
34881
34893
34919
34930
34937
34941
34973
34983
34992
34999
349
35010
35017
35022
35033
35075
3508
3509
3513
35198
3519
35211
35221
35223
35229
3523
35246
35250
35276
35292
35304
35346
35374
35375
35402
35449
35456
35492
35496
35504
35522
35530
35542
35548
35560
35574
35580
35592
355
35606
35651
35653
35669
35689
35708
35726
35747
35758
35792
35812
35826
35827
35834
35841
35850
35861
35874
35877
35879
35899
35905
35934
35945
35958
35988
35990
35996
35
36005
36014
36049
3605
36065
36072
36078
36082
36138
36139
36150
36194
361
36204
36240
36287
36319
36321
36324
36343
36368
36371
3637
36383
36401
36404
36430
36449
36454
36459
36470
3648
36517
36521
36539
36592
36594
36598
36599
36600
36619
3662
36651
36665
36719
36720
36724
36734
36748
3677
36800
36810
36851
36853
36856
36865
36904
36909
36912
36916
36930
36939
36971
36975
36
37016
37030
37034
37043
37046
37062
3706
37078
37085
37090
37125
37134
37159
37166
3717
37182
3720
37212
37231
37237
37270
37271
37285
37303
37328
3732
37331
37349
37368
37378
37406
37422
37426
37433
37471
3747
37511
37527
37532
37540
37565
3756
37585
3758
37595
37654
37673
37675
37678
37728
37732
37734
37747
37758
3777
37804
37811
37815
37816
37858
37870
3788
37902
3791
3792
37987
37988
37992
38012
38054
38061
38063
38079
38085
38098
38111
38113
38129
38138
38143
38157
38170
38171
38189
38212
38244
38246
38257
38266
38334
38416
38418
38458
38467
38480
38485
38518
3853
38560
38571
38572
38594
38646
38708
38710
38730
38741
38746
38756
38760
38764
38778
38790
3879
38804
38816
38824
38832
38851
38865
38872
38875
38876
38884
38886
38907
38912
38982
39003
39010
39016
39020
39032
39047
39052
39068
39089
39091
39092
3910
39118
3914
39156
39162
39182
39219
39224
39236
39240
39245
39259
39270
39271
39283
39295
39315
39324
3933
39351
39361
39371
39390
39401
39404
3942
3947
39482
39485
39498
39519
39533
39535
39555
39561
39567
39576
39584
39586
39607
39625
39633
39666
3966
39685
39689
39704
39727
3972
39812
39821
39868
39879
39899
39900
39920
39925
39951
3997
3998
39
40004
40023
40041
40064
40078
40081
40095
40100
40111
40121
40144
40159
40162
40170
40189
40192
40198
4021
40278
4027
40298
40333
40339
40354
4036
40386
40410
40416
40418
40426
40429
40452
40479
40483
40496
40500
40506
40508
40510
40522
40523
40540
40544
40558
40562
40572
40578
40587
40609
40617
40621
40625
40646
40652
40705
40713
40722
40736
40739
40765
40789
40796
40808
40817
40821
40829
40872
40876
40884
40897
40898
40900
40922
40924
40952
40965
4096
40980
40982
40998
4099
41002
41008
41011
41048
41058
41063
41067
41133
4115
41179
41185
41193
41199
41240
41251
41257
41268
41277
41280
41308
41317
41328
41399
41400
41410
41412
41417
41434
41438
41469
41513
4151
4152
41539
41541
41564
41576
4161
41621
41624
41647
41650
41679
41687
41706
41716
41740
41741
41758
41761
41768
41775
41803
41835
41849
41858
41862
41864
41873
41875
41918
41921
41938
41961
41962
41966
41976
41979
41980
41996
419
42008
42026
42061
42087
42088
42102
4210
42115
42118
42124
42125
42127
42129
42154
42176
42180
42192
421
42207
42208
4220
42210
42219
4224
42265
42276
42296
42319
42322
42324
42341
4238
42416
42424
42501
42522
4254
42555
42564
42567
42568
42570
42584
425
42612
42643
42647
42660
42662
4270
42711
4271
42720
42763
42786
4279
4280
42811
42848
42853
42857
42871
42889
42899
428
42912
42930
42951
42976
42979
4300
43022
43042
43056
43058
43061
43064
43076
4307
43105
43112
4313
43150
43172
43186
43200
43204
43224
43339
43341
43352
4336
43375
43387
4338
43421
43438
43440
43450
43475
43477
43510
43539
43547
43555
43562
43601
43622
43642
43649
43652
43683
43694
4369
43723
43726
43728
4374
43752
43754
43758
43764
43810
43817
43821
43822
43869
43877
43881
43882
43886
4388
43902
43903
43930
4393
43942
43966
43970
43992
43998
43
44003
44039
44043
44055
44056
44061
44062
44063
4406
44081
44108
4411
44125
44131
44144
44148
44171
4417
44186
44194
44201
44202
44231
44238
44239
44246
44250
44256
442
44300
44327
44351
44354
44355
44375
44403
44427
44428
44437
44439
44451
44528
4453
44547
44549
44563
44565
44566
44581
44607
44617
44655
44657
44675
44688
44689
44697
44709
44751
44775
4477
44804
44827
44829
44892
44902
44927
44961
44992
45009
45041
45042
45052
4505
45061
45080
45087
45092
45101
45102
4515
45187
45197
4520
45213
45247
45250
45287
45302
45309
45330
45354
45378
4539
45400
45430
4545
45482
45488
45499
45517
45522
45526
45528
45542
45543
4554
45564
45565
45573
45586
45596
45598
4560
45624
45626
45645
45650
45652
45665
45684
4571
45735
45754
45770
45776
45778
4577
45805
45813
45815
45848
45852
45855
45867
45869
45873
45887
45903
45924
45936
45948
45969
4598
45991
46004
46007
46017
46069
46096
46116
46128
46138
46148
46160
46201
46208
46239
46252
46257
46305
46333
46348
46351
46353
4636
46371
4639
46415
4643
46453
46472
46491
46495
46502
46538
46571
4658
46620
46633
46678
46697
46698
46711
46716
46718
46721
46728
4672
46738
46751
46785
4681
46820
46838
46861
46878
4687
46880
4688
46897
46905
46937
46944
4694
46959
46969
46979
4698
46990
469
47003
47026
47027
47029
47042
47071
47074
47080
47087
47089
47114
47120
47124
47130
47131
47156
47171
47172
47186
47190
47195
47196
47229
47235
47252
47278
47280
47291
47301
47303
47304
47306
47313
47314
47316
47317
47318
47323
4736
47415
47419
47432
47444
4744
47457
47484
47511
47532
47533
47547
47548
47557
4755
47572
47575
47591
47600
47601
47605
47611
47639
47641
47647
47671
47682
47695
47715
47720
47722
47724
47783
47785
4780
47840
47846
47852
4785
47863
47874
47891
47907
47908
47909
4790
47953
47974
47979
47993
47995
48001
48011
4801
48023
48033
48070
480
48146
4814
48163
48172
48173
48189
48194
48209
48218
48258
48271
4827
48292
48294
48309
48338
48370
48382
48392
48394
4840
48410
48413
4843
48456
48462
48468
48482
48504
48506
48513
48515
4852
48541
48544
48558
48578
48585
4858
4860
48640
48646
48651
48735
48750
48751
48791
48819
4881
4882
48835
48851
4886
4888
4889
48901
4890
48944
48961
48976
48994
49073
49080
49103
49127
49141
49152
49157
49165
49174
49176
49185
49190
49207
49210
4924
49309
49312
49321
49342
49384
49401
4942
4943
49455
4945
49483
49501
4951
49536
49547
49574
49575
49586
49591
49602
49607
49634
4964
49665
49668
49702
49704
49747
49752
49806
49820
49825
49829
49852
4986
49894
49901
49915
49932
49947
49969
50051
50054
50055
50062
50069
50085
50090
50117
50140
50159
50191
50212
50214
50235
50272
502
50323
50329
50332
50339
50350
50361
50374
50378
50385
50386
5038
50393
50431
50442
5045
50472
50487
50488
50527
50538
50547
50585
50614
5066
50701
50714
50759
50812
50818
50828
50830
50849
50893
50914
50925
50946
50951
5095
51033
51050
51055
5109
51128
51130
5113
51144
51160
51167
5117
51180
51183
51202
51212
51239
51248
51256
51275
51278
51284
51325
51333
51335
51373
51383
51384
51408
51422
5142
51448
51461
51469
51474
51479
5147
51486
51492
51500
51507
51517
5151
51528
51529
51539
5153
51545
51556
51583
51590
51610
51615
5161
51624
51631
5163
51669
51717
51718
51734
51742
51744
51780
51790
51802
51809
51813
51816
51818
51829
51830
51884
51892
51893
51896
51899
51907
51908
51937
51954
51955
51985
52008
5200
52013
52020
52021
52047
52051
52052
52059
52065
52080
52096
52104
52118
52142
52145
52161
52168
52171
52172
52194
52253
52271
52286
52294
52339
52341
52358
52365
52388
52432
52462
52463
52472
52509
52519
52534
52563
52571
5262
52640
52646
52657
52658
52692
52695
52765
52773
52784
52795
52818
52821
52842
52843
52858
52879
52885
52894
52899
52910
52944
52950
52956
52962
5296
52972
52974
52993
52998
53038
5304
53052
53059
53069
5306
53074
53079
53081
53089
53101
53117
53121
53124
53145
53154
53159
53182
53199
53201
53202
53220
53247
53248
5326
53278
53279
53284
53342
5335
53388
5338
53398
533
53402
53410
53418
53421
53434
53447
53491
5349
53512
53540
53543
53551
53600
53607
5363
53661
53677
53709
53717
53721
53746
53755
53757
53759
53775
53790
53840
53947
5394
54000
54008
54013
54019
54035
54039
54043
54045
54049
54095
540
54115
54120
54130
54165
54197
54199
5419
54220
54271
54312
54378
54381
54387
54397
54411
54453
54468
54474
54477
54481
54507
54530
54532
54535
54537
54551
54584
54599
5461
54630
54644
54682
54700
54709
54740
54774
5478
54792
5482
54849
54877
54901
54910
54912
54919
54967
5496
54981
54982
54997
55006
55007
5501
55027
5503
55073
55083
55096
55099
550
55167
55206
55214
55217
55233
55236
55246
55277
55287
55300
55305
55314
55320
55362
55372
55401
55403
55449
55458
55463
55469
554
55502
55547
55619
55629
55634
5563
55640
55694
55700
55701
5576
55788
55804
55838
5584
55904
55936
55941
55950
55960
55980
55983
55989
55994
5600
56041
56052
56067
5606
56090
56113
56126
56141
56146
56174
56176
56221
56238
56260
56265
56294
56316
56321
56348
56349
56353
56389
56411
56421
56437
56474
56510
56564
56593
56594
56605
56617
56621
56635
56645
56661
56686
56708
56716
56725
56738
56770
56782
56796
5679
56813
56882
56886
56895
56915
56933
56959
5696
56975
56983
56
57006
57031
57037
57041
57045
57046
57085
57102
57106
57120
57123
57132
57154
57156
57161
57168
5716
57198
571
57220
57241
57258
57309
5730
57359
57361
57398
57405
57426
5749
57504
57509
57510
57520
57562
57591
57605
57607
57622
5767
57691
57695
57696
57702
57720
57734
57750
57778
57843
57852
57892
57899
57902
57920
57925
57926
57933
57941
57976
58000
58021
58031
58060
58064
58070
58093
58095
58109
58114
58127
58136
5813
58148
58154
58160
58176
58180
58189
58207
5822
58237
58238
58248
58264
5826
58286
582
58331
58362
58416
58418
58420
58440
58460
58461
58465
58475
58482
58493
58498
58503
58520
58541
58553
58579
5857
5858
58593
5859
585
58616
5862
58646
58663
58672
58681
58709
58718
58749
58753
58754
58767
5876
58775
58802
58816
58841
58853
58860
58861
58928
5892
58945
58984
59065
5906
59096
59114
59132
59134
59138
59183
59184
59197
59218
59249
59289
59295
59316
5931
59332
5933
59342
59366
59377
59383
5938
59417
59418
59421
59435
59444
5946
59506
59528
59538
59553
59557
59577
5958
59658
59670
59678
59682
59697
59700
59769
59777
59783
59788
59794
59799
59815
59820
59830
59832
59841
59858
59866
59904
59937
59946
59956
59957
59960
59965
59979
60005
60029
60040
60047
60049
60054
60076
60079
60095
60142
60144
60153
60172
60181
60182
60195
60205
60220
60258
6026
60285
60288
60307
6030
6033
60352
60363
60364
60373
60374
60396
60399
60408
60414
60423
60431
6045
60477
60494
60497
60514
60515
6055
60569
6057
60642
60704
60710
60746
60748
60757
60789
60811
6081
60850
60876
60884
60917
60943
60955
60
61011
61040
61070
61125
61130
61131
61152
61157
61173
61186
61204
61216
61221
61229
61240
61241
61257
61262
61276
61313
61322
61327
6133
61386
61387
61429
61495
61503
61508
61511
61517
61518
61523
61525
61555
61559
61576
61581
61598
615
61600
61602
61606
6160
61642
61643
61653
61657
6165
61678
61684
6172
61752
61754
61760
61781
617
61820
61825
61826
61841
61847
61849
6184
61873
61874
61883
61891
61930
61979
61989
61993
62005
62011
62018
6203
62043
62057
62071
62082
62093
62094
62100
62124
6212
62136
6214
62184
62185
6218
62210
62217
62225
62231
62289
62307
62320
62322
62348
6235
62371
62373
62376
62406
62428
62440
62449
62457
62464
62498
62516
62523
6252
62530
62534
62543
62565
62588
62618
62627
62636
62656
62661
62670
626
62720
62778
6278
62799
62803
6280
62810
62828
62839
62845
6286
62870
62882
62889
6288
62896
62906
62920
62924
62933
62938
62974
6297
62
6300
63033
63046
63056
63083
63086
63094
63116
63140
63155
6316
63182
63183
63196
63393
633
6346
63479
63496
63503
6350
63511
63513
63525
63551
63562
63575
63576
6357
63580
63583
63592
63603
63650
63674
63698
63721
63743
63788
63796
6379
63800
63805
63809
63825
63856
63860
63879
63882
638
63923
6393
63941
63958
63971
63992
6400
64014
64015
64016
64019
64025
64040
64047
6404
6405
64069
64121
64126
64128
64136
64153
64154
64170
64209
64215
64223
64240
64295
64298
64304
64307
64334
64398
64409
64450
64463
64467
64484
64486
64495
64513
64541
64542
64550
64564
64569
645
64601
64602
64606
64678
6467
64685
64687
64691
64750
64751
64759
64771
64773
64776
64792
64810
64824
64831
64842
64860
64861
64862
648
64901
64912
64926
64937
64943
64955
64959
65017
65028
65046
65062
65065
65067
65076
65079
65114
65124
65126
65129
65141
65166
65185
65191
65237
65243
65245
65268
65298
6531
65334
65337
65352
65353
65366
65367
65377
65380
65397
653
65414
65416
65420
65427
65450
65455
65456
65462
65505
65514
65521
65531
65575
65591
65604
65612
65615
65625
65640
65659
6566
65681
65690
656
65717
6571
65729
65760
65806
65814
65823
65869
65880
65891
65908
65912
65930
65950
65951
65953
6595
65965
65970
65983
65984
65992
66028
66042
66044
66055
66058
66089
66106
66109
66118
66122
66123
66140
66152
66155
66168
66218
66227
66266
66284
66288
66302
66309
66315
66317
66330
66334
66347
66357
6635
66362
66368
66369
66400
66435
66442
66479
66488
66492
66493
664
66519
66523
66524
66529
66543
66555
66590
66627
66645
66664
66673
66687
66715
66729
66741
66772
66780
66785
66790
66806
66832
66835
66847
66913
66915
66927
66958
66965
6696
66988
66990
67011
67023
67042
67043
67148
67166
67171
67192
6719
67203
67207
67217
67219
67232
67237
67245
67275
67313
6733
67343
67356
67359
67365
6737
6740
67412
67420
67426
67450
67469
67476
67484
67491
67506
6750
67543
67568
67586
67594
67605
67615
67656
67665
67670
67699
67702
67747
67761
67768
67794
67797
67798
6779
67809
67810
67820
67837
67848
67880
67889
67892
6789
67920
67929
67932
67946
67953
67961
67971
67989
67994
68014
68030
68031
68043
68060
68110
68116
68154
68180
68190
681
68209
68241
68248
68258
68259
68264
68272
68278
68287
68317
68362
68371
68388
68416
68440
68441
68457
68464
68466
68467
68468
6848
68498
6849
68516
68517
68528
68547
68570
68572
68575
6857
68585
68600
68629
68632
68645
68651
68662
68666
68675
6867
68691
6869
68703
6873
68751
68786
68795
68796
68819
68832
68863
68873
68881
68944
68945
68952
68955
68967
68971
69013
69016
69024
69047
6904
69051
69064
69076
69083
69092
69100
69105
69109
69121
69123
69135
69142
69177
69179
69183
69201
69220
6922
69246
69267
6926
69306
69328
69332
69346
69357
69363
69366
69379
69394
69395
69424
6942
69452
69459
69474
69489
69490
69520
69524
69525
69534
69539
69544
69553
69556
69559
69571
69584
69587
69588
6958
69591
69593
69598
695
69604
69612
69618
69620
6963
69662
6967
69681
69685
69687
69702
69758
69763
69770
69780
69786
69807
69812
69838
6985
6987
69886
69895
69899
69901
69908
69924
69932
69969
69972
70001
7000
70012
70025
70033
70039
70064
70088
70093
70100
70113
70115
70116
70117
70120
70121
70131
70140
70142
70156
70168
70177
70182
7018
70196
70201
70202
70215
70223
70229
70249
70270
70278
70306
70319
70355
70360
70393
70400
70403
70421
70440
70442
70468
7047
70484
70490
70539
70599
70601
7061
70637
70650
70705
70722
70733
70734
7073
70751
70758
7075
70767
70770
70780
70807
70827
70836
70845
70846
70850
70857
70876
7087
70896
70902
70922
70925
70961
70970
70975
71005
71011
71047
71048
71067
71088
7110
71121
71132
71133
71161
71175
71180
71183
71242
71244
71251
71284
71297
71335
71409
71422
71437
71449
7144
71488
71516
71525
71529
71532
71534
71550
71560
71561
71579
71582
71586
71595
71634
71639
71659
71733
71737
71753
71754
71775
7177
71794
71821
71847
71860
71864
7186
71885
71916
71927
7192
71932
7193
71967
7197
71981
71987
7198
71994
72014
72017
72018
72036
72058
72070
72075
72099
72105
72110
72116
72142
72156
72159
72174
72183
72193
72238
72244
72246
72252
72256
72278
72305
72311
72324
72332
72345
72346
72352
72358
72365
72369
72374
72387
72393
72408
72419
72451
72454
72458
72469
7248
7249
72500
72512
72516
72604
72631
72632
72637
72644
72658
72663
72671
72680
72702
72712
72718
7272
72750
72755
7275
72804
72805
72811
72812
72848
72873
72874
72905
72910
72926
7295
72975
73013
73022
73089
73106
73114
73118
73124
73145
73154
73157
73162
7316
73184
73196
73202
73241
73243
73268
73277
73298
73301
73302
73314
73317
73325
73334
73342
73347
73380
73393
73394
73416
7343
73440
73456
73457
73473
73507
73523
73526
73550
73557
73559
73663
73682
73724
73730
73731
73743
7374
73754
73758
73776
73791
73795
73798
73803
73820
73829
73853
73861
73866
73884
73887
73888
73896
73902
73928
73929
73933
73939
73945
73973
73993
74022
74030
74044
74076
74090
74092
74120
74122
74125
74140
7414
74160
74162
74163
74195
74218
74246
74252
74274
74281
74290
74294
74312
74328
74385
743
74400
74404
74406
74418
74420
74428
74434
74435
74437
74457
7447
74494
74516
74524
74528
74550
74559
74564
74567
74602
74631
74651
74683
7468
74731
74738
74788
7478
74792
7480
74811
74821
74852
74857
74858
74868
74925
74933
74972
74998
75000
75023
75035
75045
7504
75052
75054
75079
75087
75103
7511
75147
75159
75179
7520
75226
75269
75272
75280
75308
75339
75349
75396
75411
75441
75446
75451
75458
75462
75472
75477
75493
75506
75509
75515
75544
75546
75567
7556
75595
755
75621
75624
75632
75634
75635
75636
75642
75648
75658
75709
75714
75734
75764
75808
75830
75833
75863
75886
75900
75916
7591
7593
75951
75954
7600
76010
76100
76107
76121
76123
76132
76157
76162
76174
76197
76207
76208
76219
76231
76241
76262
76266
76290
76320
76351
76363
7636
76373
76382
76399
76422
76439
76443
76463
76464
76468
76492
76526
76533
76552
765
76608
76637
76690
76713
76714
76737
76758
76775
76779
7678
76792
767
76840
76841
76867
76921
76967
76968
76975
76976
77009
77025
77030
77035
77036
77037
77050
77052
77056
77151
7716
77175
77176
77179
77187
77188
77193
77221
77239
77266
77270
77292
7731
77336
77340
77358
77373
77384
77422
77438
77457
77495
77496
77501
77506
77537
77556
7757
77583
77589
7758
77627
77634
77677
77681
77686
77690
77771
77781
77791
77793
77839
77861
77876
77887
7790
77913
77956
7797
77987
78015
78021
78056
78082
78095
78103
78115
7811
7816
78170
78171
78194
78197
78306
78321
78323
78334
78350
78353
78355
78362
78363
78365
78384
78394
78430
78444
78448
78451
78456
78471
78474
78492
78543
78544
78565
78585
78590
78593
7859
7860
78631
78637
78664
78667
78689
78691
78696
78731
78744
78753
78757
78766
78779
7877
78788
78792
7879
78811
78818
78825
78829
78838
78851
78875
7889
78924
78943
79029
79036
79041
79046
79062
79064
79069
79082
79087
79092
79115
79137
79153
7915
791
79220
79238
79243
7926
79273
79334
79356
79361
79368
79369
79370
79386
79408
79428
79444
79447
79514
79525
79528
79543
7955
79569
79579
7958
79592
79611
79612
79635
79639
79667
79681
79686
79753
79756
79791
79794
79843
79848
79861
79891
79900
79904
79910
79919
79969
79980
79981
80003
80009
80014
80020
80022
80026
8002
80058
8005
80112
80114
80128
80164
80166
80216
80227
80245
8024
80276
80279
80285
80289
802
80308
80337
80340
80390
80393
80397
80438
80439
80450
80453
80462
80463
80484
80512
80521
80548
80558
80565
80573
80581
80591
80625
80639
8065
8066
80681
80682
80727
8072
80736
80738
80758
80761
8076
80772
80773
80794
80795
8082
80835
80840
80844
80850
80877
80891
80895
80906
8090
80914
80927
80946
8095
8097
80991
80
81012
81034
81036
81046
81054
81063
81078
81084
81094
8109
810
81118
81122
81128
81138
81160
81164
81169
81174
81175
8117
81180
81220
81243
81282
81292
81306
81310
81311
81312
81335
81336
81350
81385
81390
81400
81413
81430
8143
81447
81456
81489
81493
81515
81523
81534
81573
81576
81597
81605
81617
8163
81670
81671
81681
81688
81701
81726
81731
81742
81768
81788
81792
81808
81863
81875
81877
81884
81917
8191
81946
8194
81965
81967
81980
81983
8198
82002
82023
82030
82059
82088
8208
82133
8216
82220
82229
82236
82245
8225
82263
82267
8226
82283
82294
82298
822
82300
82331
82379
82390
82392
82399
82412
82416
82423
82439
82441
82459
82460
8247
82487
8248
824
82503
82510
82520
82571
82580
82608
82618
8261
82625
8262
82657
82659
82663
82675
82699
82707
82720
82726
82727
82739
82774
82778
8277
82785
82789
82791
82802
82803
82841
82861
8286
82871
82881
82895
82896
82907
82908
8292
82949
8297
82980
82986
82998
83030
83041
83052
83081
83113
83133
83146
83153
83173
83174
83192
83202
83207
83237
83257
83270
83280
8328
83300
83344
83347
83351
8335
83362
83372
83396
8342
8344
83469
83480
83484
83491
83504
83509
83515
83518
83525
83539
83558
83565
83628
8362
83650
83690
83721
83725
83743
83751
83764
83801
83818
83857
8388
83903
83908
83919
83925
83927
83939
83951
83962
83964
83987
83991
84001
84055
84076
84078
84097
84104
8410
84119
84128
84138
84144
84156
84175
8417
84180
84181
84183
84184
84192
84195
84200
8421
84225
84241
84245
84249
84254
84264
84280
84304
84314
84317
84337
84346
84351
8435
84360
8436
84371
84386
84438
84460
84478
8447
84494
84496
84497
84505
8451
84533
84576
84581
84587
84588
84591
84593
84604
84623
84634
8463
84649
84650
84655
84664
8466
84711
84724
84746
84792
84806
84811
84822
84834
84844
84860
84864
84916
8495
84961
85003
85009
85021
85022
85026
85037
85040
85054
8505
85061
85082
85119
85130
85135
85177
85189
85191
85216
85277
85282
85284
85295
852
85300
85323
85331
85335
85343
85351
85436
85446
85475
85490
85519
85532
85535
8553
85558
85617
85624
8563
85653
85655
85669
85671
8568
85695
85708
85735
85771
85773
85781
85793
85800
85807
85844
85861
85879
85902
85915
85916
85922
85931
8594
85950
85953
85955
85992
86003
86019
86048
86049
86056
86091
86094
86115
86122
86128
86131
8614
86153
86161
86179
86198
86293
86318
86326
86345
86375
86402
86414
86416
86417
8641
86424
8642
8644
86461
86466
86475
86483
86488
86496
86540
86563
86564
86571
86608
86612
86621
86629
8666
86693
86703
86708
86732
86758
86761
86763
86771
86793
86797
86813
86814
86836
86841
86846
86854
86856
86858
86862
86875
8687
86907
86931
86941
86944
86946
86958
8697
86986
87012
87048
8705
87072
87091
87110
87115
87155
87156
87177
87212
87215
87223
87224
87241
87281
87294
87326
8734
87352
87356
87379
873
87408
87412
87441
87444
87461
87474
87495
87516
87517
87538
87542
87554
87567
87590
87619
87624
87628
87629
87632
87646
87676
87695
87714
87749
87793
87796
87845
87847
87848
8786
87877
87884
87890
87924
87928
87934
8794
8796
87996
88008
88011
88025
88057
8805
88061
88063
8806
88078
88086
88118
8811
88165
88170
88184
88188
88209
8820
88313
8834
88350
88367
8836
88422
88429
88439
88449
88473
88482
88500
88504
88545
88549
88555
88564
88576
8857
88584
88586
88598
88612
88615
88639
88644
88645
88689
88695
88700
88711
88713
88720
88725
88733
88759
88771
88797
8881
88825
88838
88842
88873
88886
88906
88935
88937
8894
8898
8901
89031
89047
89049
89071
89086
89110
89117
89122
8912
89135
89136
89145
89171
89176
89195
89199
891
89215
89257
89258
89270
89278
89300
89318
8931
89320
89338
89349
89359
89364
89392
8940
89421
89437
8944
8947
89486
89499
89526
89527
89558
89570
8957
89595
89598
89666
89674
89700
89747
89757
89758
89771
89775
89787
89793
89802
89813
89828
8985
89862
89882
89890
89948
89950
89951
90002
90024
90028
90037
9005
90060
90080
90092
90111
90161
9016
90180
90225
90232
90243
90261
90280
90300
90319
90325
90359
90374
90377
90389
90422
90428
90459
90475
90493
90494
90501
90506
9051
90526
90538
90551
90580
90591
90621
90630
90670
90683
90732
90773
90782
90792
90865
90892
90919
90921
90948
90968
90976
90989
90990
91025
91036
91042
91049
91051
9106
91079
91081
91093
91100
91104
91124
91141
91179
91183
91214
91215
91216
91219
91233
91248
91266
91268
91276
91311
91322
91354
91371
91400
91424
91426
9142
91437
9144
91451
91491
91508
9150
91516
91522
91531
91532
91552
9156
9157
91584
91589
91601
91612
9161
91620
91634
91649
91677
91704
91712
91713
91724
91832
91845
91860
91867
9186
91882
91884
91888
91926
9193
91943
91952
91966
91979
91985
92002
92005
92011
92027
92040
92052
92064
92070
92083
92093
9209
920
92103
92113
9211
92134
92145
92151
92170
92181
92187
9221
92222
92233
92248
92253
92271
92289
92306
92316
92318
92338
9233
92360
92397
92409
92413
92425
92429
92458
92480
92486
92492
92514
92549
92596
9264
92682
92700
92709
92732
92761
92766
92767
92769
92790
92797
92801
92807
92822
92851
92852
92908
92911
92914
9291
92945
9296
92987
92
93008
93012
93014
93016
93026
93033
93051
93058
93065
93068
93072
93077
93078
93111
9312
93140
93184
93189
93203
93224
93227
9324
93251
93256
93262
93271
93334
93354
93357
93362
93417
93420
93422
93454
93457
93463
9347
93481
93487
93488
93522
93525
93536
93566
93568
93578
93599
93629
93641
93651
93653
93681
9368
9370
93717
93742
9376
93776
93782
93788
93790
93806
93815
93818
93824
9383
93857
9387
9390
93935
93956
93982
93997
94031
94034
94043
94047
94054
94108
94127
94128
94154
94159
94187
941
9422
94244
94246
94249
9424
94279
94298
94304
94305
94327
94341
94361
94409
94411
94445
9444
94465
94478
9447
94501
94537
9454
94553
94555
94571
94575
94603
94605
94607
94611
94615
94617
94628
94629
94650
94652
94671
94676
94704
94731
94770
94771
94799
94818
94826
94853
94885
94898
94901
94967
94973
94981
94990
949
9500
95020
95021
95025
95039
95054
95055
95058
95059
95064
95067
95121
95132
95134
9513
95153
95172
95176
95191
95201
95231
95239
95257
95263
95271
95296
952
95313
95329
95367
9536
95396
95401
95428
95440
95448
95517
95541
95551
95554
95564
95566
95568
95573
95574
95581
95588
95593
95594
95609
95616
95635
95671
95689
95709
95711
9571
95748
95764
95775
95796
95797
95803
95833
95843
95854
95860
95865
958
95908
96001
96002
96007
96014
96022
96050
96051
96080
96081
9608
96101
96103
96124
96132
96142
96148
96151
96157
96160
96166
96170
96171
96175
96180
96212
96223
96272
96274
96275
96283
96295
96314
96327
96331
96332
96334
96338
96342
96351
96421
96434
96478
9647
96494
9649
96516
96520
96527
96529
96538
96578
96587
96612
96621
96653
96675
96725
96737
96752
96753
96770
96793
96799
967
96811
96838
96855
96859
96878
96886
9695
96973
96977
96997
97015
97016
97021
97025
9704
97050
97055
97058
97074
97083
9708
97090
97102
97120
97150
97156
97157
97160
97173
97185
97188
97194
97200
97233
97254
97284
97306
97323
97335
97336
97349
97352
97355
97385
97401
97459
97462
97489
97514
97518
97519
97540
97605
97607
97613
97628
97653
97658
97660
97662
97667
97670
9773
97757
97773
97837
97847
97853
97874
97878
97888
97939
97953
97975
9797
98011
98014
98058
98088
98092
98096
98099
98109
98112
98125
98151
9816
98173
9817
98193
98202
98209
9821
98227
98228
98229
9829
982
98329
98348
98368
98384
98489
98494
984
98509
98530
98532
98543
98585
9858
98599
98604
98615
98622
98646
98686
9870
98718
98728
9873
98752
98755
98763
98782
98791
98811
98859
98876
98887
9888
9935
9942
9947
9948
9974
9978
9990
9998