9529
10706
64458
24085
84694
68174
90644
71530
98
76624
54175
89610
40962
83611
84902
88704
73073
92888
43461
2300
93137
93132
41829
80101
90101
57887
49799
8842
59953
97332
47680
72132
89395
56457
56452
16724
88048
98595
97682
64616
49542
49096
90486
42814
36820
62314
30439
20272
97915
71773
8038
12586
44913
22655
75058
13986
66784
35664
4742
55319
17358
17606
17356
64553
36367
87456
60070
42317
2725
48208
71533
63253
98567
21400
26832
5266
15857
14457
33956
24576
32567
66950
92768
39033
16745
88065
64496
54209
54207
14662
33723
85657
84526
27822
57922
83381
1134
33890
71796
34510
76225
74913
11244
56311
93396
75793
98148
93822
52147
6257
53549
18994
42995
58480
3470
20591
45343
84733
15634
68301
3000
66682
59199
4830
72686
27025
48877
12468
50155
25070
43768
46734
90443
45424
58018
38838
14820
64218
40862
11814
78688
37888
92577
22617
4580
61296
43592
81832
12791
57575
24121
75110
40063
54913
58596
19560
47735
23207
27048
50171
22405
22402
24809
97512
98203
38859
70159
74676
74671
14874
27593
85698
45006
87189
58926
86582
1687
24251
72039
24782
35600
89256
88787
60893
28357
6818
97720
10912
17334
7929
60093
69059
38447
38449
71694
96928
11992
36076
78523
3045
20378
44034
82138
91837
72574
8358
35293
27935
51645
93474
93470
42093
6339
29218
26931
7120
26687
91622
35379
336
32975
51346
7373
56373
79529
4861
18483
71676
13155
13151
38074
44503
76541
76549
15414
7711
26741
68682
43252
90688
46755
70265
45047
78191
24216
31325
87828
74770
23450
92846
96400
39114
88162
69549
61986
26169
49751
85531
41933
58864
11951
11953
36031
12030
5733
84662
18602
37923
9805
76567
6492
86752
25836
66351
91874
28753
56583
80205
2440
93926
57181
57183
39699
63115
49322
8949
4259
35159
35158
89541
73094
25614
18546
17285
58840
81963
30069
70907
7063
31592
40424
38163
77106
66885
60486
2429
40766
33058
33052
41213
96881
324
79285
29905
67760
51450
59302
74737
7549
19344
55269
86083
36385
86883
70038
81948
63894
83936
10202
68255
68252
11008
41429
96330
93212
96191
47461
81315
23803
80717
21899
46043
10835
39961
26263
41893
44110
68004
54336
40146
40141
2790
40857
44378
28387
73854
15434
36992
49858
53624
75406
43006
31833
51925
60690
45761
20935
48464
70415
54783
37720
37726
40374
4372
14541
47110
65816
55698
32148
42695
2399
80196
21212
79963
1931
68102
5435
53849
14220
85816
41611
91392
23100
1201
77862
91970
463
61108
88225
98363
5917
55228
29303
13427
4550
11681
63629
42224
4542
21681
84191
35310
21531
68476
67193
1059
18027
15965
34475
8643
35700
5745
91568
49676
16546
98770
46372
49679
5107
36424
40107
84410
57817
28402
663
86126
24672
96253
62975
22782
98346
81695
36095
51670
80076
6058
97618
70180
10008
54871
12351
10265
53477
24074
68182
54290
87376
24313
15187
59060
67463
5186
92584
6600
92055
60950
19536
65721
81066
90579
43650
90754
36660
57839
30850
33461
9846
24691
73433
88691
97184
17260
75398
49828
20409
79121
38677
94511
89423
97967
74619
47178
51397
68965
60970
75562
13628
43413
14251
21907
63953
96779
39813
39811
57851
6490
34173
13813
88904
54203
51701
94090
9261
46812
22868
14636
91019
2364
87178
27621
97904
39216
50397
50392
65091
22666
50643
66779
4730
4653
56835
57619
72076
20529
6808
15866
53513
57873
21430
33675
67581
37170
72129
34046
11573
25054
6780
73383
57261
32005
69983
97113
86672
24890
42803
46871
75069
83468
79382
91077
23049
77963
26632
75838
95202
66792
65217
20726
25556
80173
42323
12214
70823
59637
10504
63260
5274
5273
28341
3032
91227
91220
35591
19259
23703
25709
91161
56118
56442
12025
49339
49888
85665
84391
36761
58222
18882
48687
62301
21644
13080
92957
33884
87135
48065
20284
48069
83621
8515
67790
66556
88281
31953
55654
5814
17341
74279
63249
18967
48214
71971
53763
13873
27081
47073
6745
98638
35242
43825
81495
26075
94292
77722
9577
58974
64207
45295
29730
39604
48297
34293
34290
34298
27583
59511
1379
57917
70043
23473
13587
81436
65788
43588
36354
16947
9491
70318
71147
48715
3076
47056
48806
51781
8725
3926
82291
5651
32716
19271
58384
2543
2549
57757
97521
38825
20139
64225
20132
27872
39661
18514
38218
5308
93143
51194
93499
15908
32363
70014
42437
76445
49252
37466
22969
5217
14156
9331
18305
73483
91753
66670
29057
32708
82103
6442
15350
50814
32559
19475
32881
73961
17442
17448
52058
83597
960
62817
64242
46561
58280
11842
29198
37619
68199
33993
38275
74742
63779
16452
16949
25197
46919
49233
22949
3422
84764
79859
71667
11183
30696
44047
8124
19183
55717
24456
22129
22055
81789
32751
36279
48601
45055
9664
78183
84206
67719
40359
91415
28000
30207
79054
72003
77234
18110
79583
91321
71559
87786
87835
74763
23426
95806
32321
97774
81866
3407
60599
14119
20699
87015
83259
85946
29010
76558
15397
95323
61502
13708
52279
97094
69360
74151
49023
2476
48378
87221
93933
15873
92254
9646
53637
21752
8959
48087
24221
76709
18137
89287
87767
30888
23445
19379
64870
52488
4815
27998
5292
48417
79626
50703
47500
61343
61693
88810
24413
28211
11378
11376
64110
10058
74135
36490
90077
9620
21738
37015
21735
45270
45276
92662
80962
13267
41593
34892
31116
4013
89800
76180
29604
58306
367
55927
16123
93969
46207
46206
17746
61081
84651
20479
83928
78266
89350
12926
76375
33239
37759
50186
40430
40432
19884
51582
25141
52230
50182
98723
6345
6349
52584
52583
10176
53363
80942
68744
39662
41818
40336
50982
19331
88197
86093
11350
7396
31823
81372
43019
56842
11653
94425
27952
81881
64308
55264
36575
19347
84637
59141
15482
58763
58762
76358
40453
61651
24941
42577
93958
97255
4978
27047
59675
36907
18995
3317
41625
48711
44366
29395
47669
8269
77811
52970
86073
24644
18052
93546
27936
95697
41439
65010
9039
18692
758
2958
50236
1023
79174
14554
79312
93714
91579
82482
74667
28851
94797
36869
74401
56533
52094
86915
1519
64173
60087
90544
81055
58352
18200
15263
78785
78786
97513
72318
55185
23119
26409
28138
79034
75434
971
11696
65348
69114
64432
97603
6049
84924
24063
30124
62021
66876
31470
19547
66709
72760
76860
12640
69479
65753
42398
75772
79610
94719
34817
72868
44140
41668
58292
47628
93214
32414
17026
51227
60554
69281
97431
85213
24598
46175
52428
9214
54866
53836
36320
40702
711
54285
26449
91756
17865
52857
86950
38962
63494
63499
53810
41391
58268
95532
10553
29443
31050
33641
7623
659
97246
53104
89524
91927
43094
43899
54264
32032
9273
10726
21273
84142
21584
21580
68157
2932
5324
5328
76601
20183
78606
29831
66839
89184
69274
20452
47182
31430
48108
55351
16511
88765
34837
86204
3767
43668
90524
90522
11773
71253
69271
42138
8828
18264
37323
68366
37146
28371
76416
72118
73344
13820
34147
13354
