103547
103546
10706
103548
118800
54175
40962
111540
110496
92888
93137
93132
59953
109275
109274
109273
42814
71773
8038
12586
44913
75058
13986
116350
116351
17358
17356
48208
63253
21400
26832
103475
103474
103476
24576
104759
104758
104755
104757
104756
101982
101981
14662
33723
112009
27822
83381
33890
34046
103394
103934
103935
103936
103937
103933
103938
122939
6257
42995
109662
45343
48877
12468
119775
119774
119771
119770
119773
110495
110494
116491
116493
116492
104823
104822
104821
64218
27593
78688
37888
92577
57575
75110
40063
38859
93499
118886
118887
1687
89524
118710
6818
10912
60093
78523
91161
3045
115762
115763
115764
91837
35293
51645
7120
103193
103194
106044
100757
100756
100758
13155
13151
122513
122512
122511
122510
44503
110840
110841
113022
113021
113020
36992
78191
113970
35310
87828
23450
100193
100192
100191
92662
100196
100194
100199
100198
121228
121229
121225
121226
121227
85531
36031
84662
18602
76567
86752
116414
63115
8949
35159
35158
106920
36820
73094
25614
79583
116750
116751
58840
33993
31592
87786
108210
77106
29905
118798
118799
7549
19344
19347
109503
109501
10202
23803
120621
120620
39961
26263
40146
40141
101408
101409
101407
48464
70415
91568
113947
35242
2399
113949
21212
104913
104912
104911
68682
91392
23100
91970
4550
104149
41429
18027
5745
103302
103301
103300
16546
88225
63629
119917
119919
119918
49676
49679
14457
120815
120816
122410
28402
119136
119134
117953
117952
98346
117485
117484
117486
102079
21584
24074
68182
108740
108741
67463
92584
6600
100321
100322
92055
77722
122659
36660
76445
9646
103532
103533
88691
97184
111258
17260
113948
49828
112980
79121
97967
74619
51397
60970
75562
21907
34173
101980
108159
108158
108157
94090
114492
114490
108830
108831
87178
123020
123021
110620
110621
110622
65091
120613
120614
120615
120619
116304
56835
116302
20529
53513
21430
67581
72129
73383
32005
113090
113091
24890
121234
75069
83468
77963
103968
103967
103966
103965
103964
103963
103962
103961
103960
101521
101523
101522
20726
122940
80173
42323
59637
122490
5274
5273
28341
56118
49339
68102
59060
102565
102566
102567
48065
48069
109473
109471
67790
31953
104027
104026
104028
74279
39813
39811
18967
13873
47073
60950
21644
53763
112901
112900
45295
29730
114419
114418
9491
108669
108668
108667
3076
106525
106526
106527
3926
100200
32716
39661
39662
38218
65010
42437
100218
100216
100217
66670
32559
114594
114592
114593
119772
52058
83597
105459
105458
105457
102109
108367
108368
108369
121275
121274
121273
4580
11183
44047
112640
112641
8124
123109
110709
110708
110707
19183
81789
45055
67719
79054
72003
77234
106979
106978
74763
32321
113584
3407
14119
83259
85946
15397
4013
40374
14251
19379
64870
121890
52488
27998
113779
112428
112426
112427
114862
114863
114864
61693
24413
101158
101159
101154
101155
101156
101157
101152
101153
61296
74135
36490
41593
34892
76180
119338
111146
111147
111145
119339
50982
25141
120576
120575
120574
118765
117351
117350
53363
109098
109095
109094
109097
109096
109093
100127
100128
24598
38962
31823
101299
56842
104112
104111
104110
122724
122722
91415
116090
84637
15482
40453
42577
58480
40862
44366
52970
113961
102689
102688
105556
105557
105558
9039
115428
115427
115426
79312
91579
25836
74401
86915
36385
116610
11696
121819
69114
97603
51701
101053
62975
106837
106838
106839
115159
118885
34817
107767
107769
107768
100126
19331
122348
122349
122347
17865
117029
117028
103716
116089
102278
102279
102277
63494
63499
107359
659
101219
101218
32032
108552
108551
108550
108557
108556
108558
89184
20452
47182
31430
16511
84924
86204
90524
90522
117954
121711
121712
28371
116678
120439
111539
97332
9529
107530
107531
107532
64458
24085
116124
116123
116122
68174
90644
109442
109443
109441
73073
104018
104019
122609
122608
87376
15873
47680
89395
103560
61651
16724
88048
12030
97682
64616
49542
90486
62314
20272
97915
119021
119020
119022
114420
64553
60070
2725
102346
102347
102348
108694
72574
109878
109877
109876
111978
111976
101723
101722
101724
92768
121560
85657
84526
71796
76225
123079
86672
11244
116378
118981
118980
118983
118982
53549
121003
121004
121005
121006
121007
121008
20591
93474
93470
66682
103714
59199
27025
104017
110536
110537
110530
110531
110532
110538
105792
105790
105791
116634
116633
116632
25197
113041
113043
113042
106681
106683
106682
25054
112021
112022
112023
108081
108080
81832
114539
122261
122260
122265
122264
47735
117706
117708
119754
119753
119752
119751
119750
97513
97512
971
45006
58292
24251
72039
24782
35600
60893
122262
71694
103192
116700
87456
79382
91077
42093
6339
54264
336
51346
110291
110290
110292
56373
107633
79529
120269
120268
26741
31325
96400
39114
88162
69549
49751
41933
11951
11953
119696
119697
119695
119631
106350
2440
93926
57181
57183
108001
108003
108002
4259
23473
70014
70907
7063
40424
38163
114974
103365
103364
103363
60486
118008
118006
118007
96881
112842
112840
112841
67760
51450
59302
74737
111762
111761
24941
113678
113679
58352
63894
107619
107618
107617
115456
115457
115458
68255
68252
101613
101612
101611
44110
123277
123279
123278
114945
43006
51925
121820
121821
60690
45761
122845
122847
122846
54783
104741
74676
74671
65816
55698
32148
79963
106043
106042
53849
85816
103135
103136
103137
77862
13427
101424
101422
101423
42224
114485
114486
119340
1059
33884
111115
15965
111117
111116
8643
114540
20284
117018
117017
117014
117015
117013
46372
102222
102221
102220
116051
116050
116052
112530
115629
115628
115627
100190
100197
100195
57817
663
114978
114973
114975
114976
114977
111256
111257
107304
107303
107302
107301
107300
24672
22782
101220
36095
15187
13587
90579
118767
118766
62021
9846
120469
113585
109491
109490
109493
109492
109494
117922
104041
104043
104042
114491
13813
88904
120336
103558
103559
9261
46812
119225
27621
111538
104287
104289
104288
57619
6808
33675
115794
115793
115792
115791
115790
116415
103715
6780
121556
121557
121555
121558
121559
42803
12214
10504
63260
35591
23703
25709
109660
56442
104742
104740
105294
105293
105292
123362
36761
109653
109652
109651
88281
116352
119226
119224
8725
112675
112677
112676
19259
81495
94292
9577
64207
57917
27583
59511
34293
34298
36354
6490
47056
107681
38825
20139
20132
111609
111608
111607
5308
93143
110264
110265
110263
60087
49252
22969
108649
102312
102311
102310
116413
29057
31050
32881
100885
100887
100886
100889
100888
123331
123332
123333
38275
16947
63779
121050
46919
55717
22666
113035
113036
113037
9664
112345
112341
112340
113968
113969
78183
104987
104988
91321
100184
100185
100186
100187
100183
100188
100189
81866
70043
122299
87015
76558
108739
108695
13708
52279
97094
69360
119983
119984
119985
118057
118059
118058
49023
48378
53637
21752
8959
48087
24221
106919
106918
115810
115811
115812
117349
4815
116698
112136
112137
112135
47500
108221
108220
108222
121390
121392
45270
45276
80962
367
91927
16123
116608
116609
46207
46206
17746
20479
78266
113077
112440
106418
111362
111361
111366
111364
111365
50186
51582
98723
101864
101865
101863
109890
103837
103839
103838
88197
86093
81372
118978
118979
121585
121584
121587
121586
84142
121583
121582
121589
121588
59141
121632
121631
121630
118194
118192
118193
105743
105742
105744
108079
106463
106462
106464
76601
107337
24644
18052
104179
41439
18692
758
108534
108533
108532
14554
5733
82482
64173
90544
109502
119122
119123
75434
117492
117491
65348
64432
24063
68199
30124
66709
72760
75772
122661
122660
79610
44140
41668
47628
60554
69281
46175
52428
9214
54866
53836
54285
52857
116882
116883
116880
113108
113109
113101
53810
113103
113104
113105
113106
113107
34837
33641
106419
121713
18305
115789
43899
7396
10058
5324
5328
29831
66839
123019
117046
117048
19547
119473
119474
119475
43668
11773
17026
97431
42138
122514
10553
8828
72118
112867
960
84694
71530
71533
76624
89610
103395
103393
109661
46561
103978
103979
84902
43461
41829
101538
101536
101537
80101
115843
115845
115844
28357
37619
49096
49322
102081
102080
115482
115481
115480
109460
109461
109462
109463
109464
109465
109466
109467
110967
110966
110965
66784
35664
55319
100939
36367
105349
123284
123285
123280
123281
123282
123283
15857
33956
116716
116717
97113
39033
16745
88065
54209
54207
54203
1134
56311
98148
93822
52147
102322
102323
102326
102327
102324
102325
68301
3000
115728
115726
115727
72686
109230
50155
73483
32708
114505
56533
71667
43592
12791
58596
94425
27047
122509
27048
30696
22405
22402
24809
119630
58926
109006
109007
109008
38447
38449
36076
44034
8842
15434
82138
123110
123111
117728
117729
117727
117721
117722
117723
116451
116450
29218
54913
26931
26687
91622
32975
4861
18483
71676
38074
103053
103052
103051
100501
100502
100503
101369
101368
46755
70265
5435
114484
92846
121885
121886
121887
121888
121889
61986
112346
20409
68965
37923
113960
66351
113083
113085
91874
28753
56583
107864
107865
107863
101160
75838
40359
39699
123363
123361
30207
102886
55228
81963
15908
103980
66885
2429
117694
117342
117340
117341
23426
112339
58306
79285
106417
55264
55269
84191
86883
70038
83936
22655
72868
96330
80717
46043
41893
116254
60599
112868
112869
54336
2790
40857
44378
28387
75406
116718
105563
105562
105564
102690
113299
20935
15634
107632
107637
107636
107635
107634
108250
108251
108252
4372
42317
14220
41611
122954
463
5917
11681
21681
122489
21531
68476
108696
115142
115143
115141
34475
122480
35700
113586
98770
36424
112285
112286
112287
40107
117016
120814
103840
103841
103842
80076
6058
70180
10008
122412
122411
111977
117030
19536
65721
81066
43650
90754
48297
57839
30850
107361
107360
24691
104180
104181
119135
75398
105279
105278
105277
38677
47178
19884
43413
41818
120850
120851
120852
81881
50182
59675
117913
117915
117914
25070
120441
120440
117265
117267
113565
58268
91019
50397
50392
110958
110956
110957
66779
100940
100941
122610
15866
37170
122723
11573
46871
14874
92254
95202
65217
116379
105601
105602
105603
102379
108113
108112
3032
91227
116377
107299
93396
85665
84391
18882
87135
83621
5814
118378
118379
63249
48214
100323
98638
26075
104760
105415
105417
105416
58974
112011
112010
100690
100691
100692
70318
48806
82291
19271
58384
119749
2543
2549
97521
64225
105893
105892
105894
121391
51194
32363
113244
113243
113242
37466
14156
108426
108425
108424
6442
109775
109776
15350
19475
73961
69271
17442
17448
13354
119124
11842
118709
118708
73344
16452
120270
49233
22949
113736
113735
113734
108199
103531
24456
22129
32751
36279
18110
30069
97774
81315
20699
95323
106348
106349
2476
93933
117311
117310
117312
112097
112096
112098
109947
109946
109945
30888
121233
121232
121231
121230
121236
121235
122764
122765
122766
112347
94511
88810
81436
11378
11376
64110
9331
90077
21738
21735
13267
94797
89800
115878
115876
115877
55927
93969
116749
4830
61081
76375
108209
108208
108201
108200
111363
6345
6349
10176
80942
40336
43019
11653
122263
27952
64308
48108
58763
58762
106874
106875
106873
100821
100820
104562
104560
104561
101888
101889
101887
4978
77811
117707
104986
86073
52584
52583
101413
101415
101414
113185
113186
113187
103993
7373
103994
103995
1023
122300
122301
28851
36869
120335
52094
81055
113677
78785
114944
78786
114943
55185
107311
107312
107313
23119
28138
79034
101256
101255
101254
4542
104151
104150
123415
123417
123416
31470
12640
69479
120334
42398
94719
117266
117923
117924
32414
51227
113564
120470
120471
105042
105040
105041
107682
107680
109489
22868
22055
86950
104054
104055
104053
41391
7623
43094
89350
9273
10726
87835
21580
120027
120026
2932
112978
112979
20183
3767
113780
113781
18264
37323
68366
34147
101491
101493
101492
98
50643
108829
83611
88704
2300
19560
90101
4653
57887
116303
112542
112541
112540
114538
72132
56457
56452
98595
113089
102888
102887
18546
30439
40766
4742
17606
120887
120886
120888
122955
57873
122953
122952
122951
122950
122481
122488
93958
5266
66950
97255
111798
111797
111796
79626
119796
119795
119794
64496
57922
72076
34510
106980
74913
75793
36907
3470
84733
122111
3317
5651
116679
91753
116677
43768
46734
48715
90443
45424
48711
58018
38838
101304
101301
101300
101303
101302
14820
11814
29395
22617
24121
108650
108651
108655
108656
108657
107336
107335
23207
50171
100890
98203
70159
85698
87189
86582
89256
88787
120025
97720
17334
7929
93546
69059
121045
121046
121047
121048
121049
96928
11992
20378
32567
8358
116988
116987
116986
105464
105465
105460
105461
105462
105463
102111
102110
35379
113084
76541
76549
15414
7711
43252
90688
118045
118046
118047
45047
24216
74770
100999
100998
100993
100997
100996
100995
100994
26169
122938
58864
33461
106120
106121
106122
93714
108496
108497
108498
100562
100563
100561
5186
122143
122144
122145
89541
58280
17285
102380
102381
112438
100819
33058
33052
41213
108114
109886
109887
109885
103286
103287
103285
109888
109889
81948
91220
121596
121594
121595
121592
121593
121590
121598
121599
11008
110682
110680
110681
93212
93214
96191
21899
10835
97246
21273
68004
49799
106476
106474
106475
73854
49858
53624
31833
98567
37720
37726
108526
108527
108522
108520
108521
108528
14541
47110
26409
95532
42695
113563
80196
1931
122470
122471
122472
122479
1201
9805
61108
58222
117490
98363
92957
67193
109472
5107
84410
86126
96253
81695
121866
121864
121865
97618
54871
12351
10265
53477
54290
24313
115160
115161
112774
112775
112776
73433
17341
101055
101054
122353
122355
122354
89423
13628
76860
63953
96779
116091
102261
102260
29303
57851
6492
34290
1519
47461
113300
113301
14636
39216
4730
119191
119193
119192
118380
112529
112528
57261
69983
80205
23049
109459
109458
109457
109456
26632
66792
100922
100923
100921
100926
100924
100925
25556
105350
105351
70823
103592
103593
103591
12025
113959
49888
48687
62301
13080
97904
8515
66556
55654
71971
112902
109228
109229
6745
100225
100227
100226
43825
39604
123080
123081
65788
43588
16949
51781
57757
113078
113079
104784
104782
104783
27872
18514
5217
91756
82103
50814
116449
116191
116192
116193
62817
64242
112633
112635
112634
112639
29198
74742
3422
84764
79859
112439
101370
48601
84206
28000
116881
117695
117696
95806
324
116879
116878
120294
120292
120293
116256
116255
71559
29010
113102
114802
114803
114804
107237
107236
107238
61502
101172
101170
101171
51670
74151
87221
71253
76709
18137
89287
87767
48417
110839
50703
61343
1379
28211
104474
104475
104473
23445
9620
37015
31116
29604
5292
84651
83928
12926
33239
37759
40430
40432
11350
52230
95697
68744
112854
112853
112852
111760
26449
36575
86083
76358
108265
108267
108266
18994
18995
71147
122112
122110
41625
47669
8269
27936
27935
122874
122872
122873
2958
50236
79174
74667
104542
104543
104544
121597
121591
18200
72318
117047
88765
6049
66876
110658
110657
110656
65753
2364
102259
114507
114506
114031
114033
114032
27081
85213
113357
113356
113358
40702
711
108579
108578
108577
109774
53104
29443
15263
119629
68157
78606
105806
105807
105805
55351
116699
69274
100974
100973
100972
101000
101001
36320
37146
76416
13820
103092
103091
103090
