10008
10013
10014
10025
10027
10030
10058
10061
10062
10066
10067
10068
10070
10072
10079
10082
10089
10092
100
10114
10142
10146
10147
10162
10176
10181
10190
10200
10202
10210
10226
10235
1023
10265
1030
10310
10312
10314
10316
10319
10321
10333
10340
10353
10378
10393
10401
10408
10414
1044
1046
10476
1047
10485
10500
10504
10520
10527
10553
1055
10564
10575
10580
10586
10590
10595
1059
10627
10665
10671
10680
10699
10706
10726
10778
10797
1080
10825
10835
10846
10875
10905
10912
10914
10927
10947
10951
10955
10974
10987
10991
10992
11008
11009
11013
11020
1102
11037
11056
11065
11085
11112
1112
11133
11160
11162
11163
11178
11183
11188
11194
11199
11204
11208
11225
11235
11244
1124
11273
1127
11291
11334
1133
1134
11350
11371
11373
11376
11378
11380
11437
11442
11443
11460
11461
11471
11480
11485
11495
11521
11530
11560
11573
11577
11597
11643
11648
11653
11681
11691
11696
11704
11715
11719
11724
1173
11756
11767
11773
11796
11799
11807
11812
11813
11814
11816
1181
11841
11842
11857
11865
11879
11899
11909
11933
11936
11951
11952
11953
1195
11963
11983
11990
11992
12009
12010
1201
12022
12025
12030
12031
12055
1205
12075
12083
12085
12087
12110
12118
12134
12150
12155
12204
1220
12214
12215
12216
12219
12236
12239
12246
12249
12262
12267
12275
12282
12323
12337
1233
12351
12355
12357
12364
12417
12419
12425
12436
12450
12468
1246
12471
12476
1248
12506
12510
1251
12545
12548
12556
12586
12594
12623
1262
12640
12693
12701
12703
12718
12722
12726
12744
12755
12761
12762
12770
12782
12783
12791
12794
12802
12829
12850
12855
12862
12867
12899
12906
12911
12926
12927
12934
12947
12973
12977
12986
1298
12995
13047
13071
13076
13080
13081
13095
13139
13140
13141
13151
13153
13155
13169
13179
13183
13187
131
13205
13211
13221
13228
13230
13252
13254
13258
13267
13272
13273
13292
13313
13324
13334
13335
13343
13345
13354
13379
13400
13403
13427
13442
13474
13480
13516
13521
13526
13549
13558
13561
13576
13587
13591
13615
13617
13618
13628
13629
13676
13708
13713
13718
1371
13720
13766
13768
1376
13776
13788
1379
13803
13811
13813
13820
13831
13852
13856
1386
13873
13874
13886
13914
13973
13986
14029
1402
14033
14052
14067
14077
14088
14089
140
14106
14116
14119
14127
14130
14156
14174
14180
1418
14209
14220
14222
14236
14250
14251
14255
14288
14312
14317
14325
14360
14376
14383
14418
14446
14457
14469
1446
14471
14476
14477
14501
14503
14509
14511
1451
14528
14535
14538
14541
14554
14567
14592
145
14636
14662
14692
14702
1471
14737
14749
14787
14799
147
14808
14815
14817
14820
14832
14843
14856
14867
14874
14875
14889
14893
14913
14915
14919
14927
14935
14970
14984
15001
15007
1500
15026
15038
1503
15044
15049
1505
15060
15064
15080
15108
15111
1511
15123
15126
15130
15131
15142
15160
15165
15167
15175
15187
1519
15212
15228
15231
15233
15241
15252
15263
15272
15297
15339
15350
1537
15381
15385
15390
15397
15399
15405
15414
15434
15437
15438
15480
15482
15498
1549
15509
15544
15547
15583
15605
15606
15617
1561
15634
15639
15640
15659
15677
15693
15695
15706
15715
15729
1572
15734
15737
15743
15787
15791
15795
15798
15814
15819
15822
15857
15866
15873
15896
15901
15908
1590
15919
15946
15950
15952
15958
15965
15978
16002
16004
1605
16077
16107
16117
16123
16127
16133
16140
16157
16162
16163
16173
161
16206
16229
16240
1626
16280
16291
16303
16340
16349
1637
16410
16419
16420
16430
16431
16437
16448
16452
16479
16485
16492
16511
16518
16546
16563
16566
16569
16578
16580
1659
16628
16634
16641
16644
16656
16667
16692
16710
16724
1672
16741
16745
16746
16756
16809
1680
16819
16822
16841
16855
16858
16860
16873
1687
16890
16907
16909
1690
16910
16925
16947
16948
16949
16952
16954
16955
16964
16970
16973
16989
16996
17020
17024
17026
17033
17034
17041
17045
1704
17051
17058
1705
17088
17099
17107
17112
1712
17132
17134
17135
17139
17142
17165
17197
17199
17216
17218
17223
17224
17225
17227
17233
17236
17241
17260
17264
17272
17284
17285
17290
17305
1730
17327
17334
17341
17342
17344
17349
17356
17358
1735
17396
17413
17414
17425
17442
17446
17448
17451
17454
17458
17464
17469
1746
17471
17494
17496
17509
17525
17541
17551
17553
17587
17593
17599
17606
17612
17613
17617
17623
1762
17632
17639
17654
17677
1770
17715
17727
17730
17745
17746
17757
1778
17790
17812
17813
17830
17865
17877
17890
17902
17918
17929
1793
17942
17955
17965
17967
1796
1798
18001
18008
18022
18027
18052
18054
18070
18074
18078
18079
18102
18105
18110
1811
18125
18137
18157
18165
18167
18179
18191
18200
18214
18223
18230
18246
18248
18254
18260
18264
18287
18288
18305
18320
18335
18373
18378
18439
18450
18451
18457
18474
18483
18485
18489
18514
18517
18520
18523
18525
18534
1853
18546
18559
1857
18601
18602
18614
18617
1862
18631
18647
18652
18655
18657
18665
18683
18686
18692
18745
18749
18766
18795
1881
18844
18846
18849
18857
1885
18863
18874
18882
18891
18892
18903
18908
18920
18924
18967
18994
18995
19003
19018
19038
19040
19042
19046
19059
19063
1906
1907
19084
19108
19122
19124
19146
1916
19177
19180
19183
19186
19190
19198
19222
19224
19244
19245
19252
19255
19259
19268
19269
19271
19282
19296
19309
1931
19331
19336
19337
19344
19347
19372
19378
19379
19384
19392
19395
19399
19401
19410
19423
1942
19443
19447
19465
19475
19484
19495
19502
19511
19522
19532
19535
19536
1953
19547
19549
19558
19560
19564
19598
19602
1962
19653
19670
19686
196
19716
19729
19734
19756
19763
19816
19836
19850
19855
19859
19863
1986
19884
19890
19946
1994
19982
20002
20019
20035
20061
20062
20064
20067
20096
20102
20104
20108
2010
20129
20132
20139
20141
20160
20163
20167
20173
20176
20183
20218
20221
20223
20268
20272
20279
20284
20285
20306
20314
20315
20317
20318
20323
20349
20376
20378
20384
20389
20404
20409
20411
20452
20456
20468
20479
2047
20486
20512
20529
20533
20551
20567
20576
20587
20591
20592
20598
20608
20610
20612
20619
2061
20649
20667
20680
20688
20699
20701
20726
20731
20741
20750
2075
20779
2079
20845
20862
2088
20897
20915
20916
20924
20935
20944
20979
21007
21078
21091
21110
21122
2112
21139
21153
21164
21173
21175
2117
21188
21201
21212
21214
21223
21255
21265
21269
21273
21282
21299
21307
2130
21327
21336
21339
21346
21400
21430
21438
21445
21447
21451
21461
21489
21496
21518
21531
21532
21554
21557
2156
21571
21580
21584
21589
2158
2160
21618
21622
21633
21643
21644
21668
21681
21686
21688
21689
21700
21705
21713
21722
21734
21735
21738
21739
21752
21762
21789
2179
21808
21811
21899
21903
21907
21920
21946
21984
21992
21993
22026
22048
22051
22055
22079
22097
22101
22128
22129
22131
22172
22190
2220
22215
22233
22249
2228
2229
22301
22302
22303
2232
22330
22335
22337
22348
22367
22377
22402
22405
22440
22442
22452
22465
22501
22522
22534
22553
22565
22583
22588
22602
22617
22642
22655
22658
22666
2266
22684
22689
22695
22727
22733
22736
22737
22761
22767
22770
22778
22782
22784
22802
22809
2282
22839
22842
22858
22868
22870
22879
22880
2288
22890
22894
22895
22896
2289
22901
22911
22912
22922
22949
22957
2295
22969
22972
22979
22986
23003
2300
23018
23021
23023
23049
23074
23076
23086
23096
230
23100
23112
23113
23119
23122
23133
23158
23177
23183
23189
23207
23211
23213
23228
23279
23308
23329
23335
23366
23386
23387
23407
2340
23420
23426
23438
23445
23450
23457
23466
23472
23473
23487
23495
23505
23520
23529
23537
23548
23557
23563
23591
2359
23603
23614
23636
23641
23643
2364
23674
23690
23703
2371
23723
23739
23748
23753
23783
23787
237
23803
2380
23811
23827
2382
23835
23855
23866
23871
23884
2393
23951
23967
23981
2399
24020
24026
24029
24039
24044
24063
24074
24085
24089
24093
24102
24103
24104
24121
2416
24170
24172
24216
24218
24219
24221
24236
2423
24251
24271
24279
2428
24292
24294
2429
24302
24304
24313
24329
24336
24345
24360
24373
24380
2440
24412
24413
2441
24443
24450
24456
2447
24501
24511
24526
24530
24558
24576
2457
24586
24592
24593
24598
2459
2461
24622
24642
24644
24672
24681
24683
24691
24693
24706
24708
24750
24751
24763
2476
24775
24778
24782
247
24805
24809
24834
24837
24841
24863
2486
2487
24887
24890
24894
24924
24935
24941
24947
24972
24985
24996
25003
25013
25014
2502
25037
25052
25054
25056
25061
25068
25070
25074
25093
25095
25102
25108
25111
25117
25124
25141
25150
2515
25173
25177
25179
2518
25193
25195
25197
25242
25270
25282
25284
25306
25330
25345
25355
25359
25372
25377
25386
25399
25401
25412
25417
25437
2543
25447
25463
25478
2548
2549
25524
25545
25549
25556
25596
25600
25607
25610
25613
25614
25628
25653
25657
25700
25709
25712
25716
25717
2571
25721
25741
25767
25791
25809
25810
25817
25836
25847
25856
25865
25876
25884
25898
25914
25939
25949
25954
25962
25963
25978
25990
25
26003
26011
26017
26039
26043
26075
26092
26097
26101
26156
26167
26169
26182
2619
2621
26221
26226
26255
26263
26282
26296
26301
26326
2632
26334
26396
26399
26400
26409
26413
26438
26447
26449
26463
26470
26492
26502
26508
26534
2653
26561
26562
26593
26619
26632
26649
26661
26662
26663
26684
26687
26695
26726
26732
26734
26741
26779
26785
26792
26795
26823
26826
26832
26855
26863
26876
26905
26910
26923
26931
26960
26970
26978
26985
26993
26999
2699
27003
27017
27025
27041
27047
27048
27081
27085
27095
27105
27114
2711
27135
2716
27192
27238
2725
27260
27261
272
27306
27317
27335
27337
27342
27357
27370
27391
27409
2742
27438
27454
27466
2747
27491
274
27519
27542
27543
27548
27550
27559
2755
2757
27583
27593
27611
2761
27621
27629
27633
27692
27710
27715
27716
27723
27728
27729
27730
27739
27740
27741
27749
27806
27810
27811
27813
27822
27830
27836
27861
27872
27874
27895
278
2790
27928
27935
27936
27937
27943
27952
27954
27967
27998
28000
28053
28078
28080
2808
28102
28114
28138
28140
28145
28153
28188
28206
28208
28211
28241
28260
28264
2826
28304
28324
28339
28341
28357
28369
28371
28387
28401
28402
28422
28424
2842
28452
2847
28493
28494
28498
28509
28512
28578
28580
28603
28612
28633
28674
2867
28689
28716
28723
28738
2874
28753
28754
28761
28799
28802
28814
28816
28825
28851
28853
28859
28861
28865
28886
28890
28940
2897
29010
29046
29057
29069
29074
29079
2907
29113
29118
29186
29189
29198
291
29215
29218
29225
29241
29250
29269
2926
29280
29283
29288
29290
29303
29308
2930
2932
29342
29356
29366
29387
29395
29410
29443
2944
29455
29460
29472
29482
29496
2949
29537
2958
29601
29602
29604
29630
29644
2964
29661
29681
29688
29730
29751
2975
29768
29778
29793
29798
29803
29811
29817
29823
29827
29831
29848
29855
2987
29880
29890
29902
29905
29921
29934
29973
29999
30000
3000
30012
30017
3002
30035
30059
30066
30069
30086
30096
30121
30124
30138
30149
30177
30189
30192
30207
30236
30237
30241
30259
30262
30264
3026
30274
30287
30292
30304
30313
30314
3031
3032
30335
30357
30358
30364
30387
30391
30392
30396
30397
30410
30412
30439
3045
30477
30534
30542
30554
30563
30597
30654
30696
30708
30719
30721
30725
30728
30747
30750
30756
30762
3076
30772
30783
3079
30804
30807
30808
30844
30850
30851
30877
30888
30889
30899
30901
30923
30942
30988
3099
31024
31034
31038
31050
31059
31073
31074
31116
31143
3114
31155
3115
31160
31167
31183
31190
31202
31218
31231
31268
3126
31278
31304
31325
31339
31348
31363
31365
31369
31381
31390
31400
31411
31415
31428
31430
31441
31443
3145
31470
3150
31532
31556
31559
31567
31574
31592
31604
31608
31609
31620
31625
31658
31678
31682
31693
31711
31715
31720
31725
31733
31737
3173
31774
31780
31787
31791
31808
31823
31828
31830
31831
31833
31846
31857
31890
31902
31953
31955
31973
31983
31989
3198
32005
32023
32029
32032
32035
32036
3203
32044
3206
32086
3209
32113
32117
32132
32148
32170
32183
32204
32224
32226
32235
3223
32249
3225
32262
32263
32268
32273
32281
32283
32316
32319
32321
32329
32332
32335
32337
32341
32361
32362
32363
3237
32382
32407
32414
32425
32435
32445
32449
32451
32464
32466
32468
3246
324
32518
32537
32548
32553
32559
32567
32608
32643
32655
32700
32701
32708
32710
32716
32727
32746
32751
32757
3275
32770
32779
32794
32800
32803
32808
32818
32835
32841
32843
32852
32881
32885
3289
32908
32930
32948
32949
32951
32966
32975
3298
32993
32996
33006
33011
33019
33025
33026
33032
33052
33058
33067
33091
33095
33110
33138
3315
33165
33178
3317
33189
33190
33200
33214
33215
33223
33226
33233
33239
33250
33276
3327
3328
332
33301
33330
33340
33344
33348
33368
33370
33378
33383
33413
33423
33428
33436
33443
33447
33448
33461
33472
33509
33516
33541
33543
33553
33555
33567
33576
33616
33638
33639
33641
33650
33658
33668
33675
3367
336
33711
33723
33749
33769
33782
33818
33820
33825
33833
33839
33842
33852
33884
33890
33910
33918
33934
33952
33956
33958
33968
33980
33982
33989
33993
34019
34046
34058
34066
34074
3407
34086
34102
34108
34131
34139
34144
34147
34150
34167
34173
34179
34201
34202
34218
34223
3422
34231
3425
34264
34287
34290
34293
34298
342
34328
34331
34333
34365
34367
34383
34390
34405
34416
34430
34475
344
34510
34523
34580
34584
34611
34615
34618
3461
34664
3468
34690
34692
34695
3470
34714
3471
34766
34781
34789
3478
34792
34796
34817
3481
34830
34832
34837
3483
34848
3487
34882
34891
34892
34909
3495
34975
34977
34988
35001
35003
35066
35084
35107
35116
35128
3512
35156
35158
35159
3517
35186
35210
35232
35234
35239
35242
35243
3526
3527
35293
35298
352
35309
35310
35311
35312
35322
35325
35338
35355
35379
35395
35398
35423
35432
35434
35444
35494
35497
35515
35516
35526
3552
35533
35561
35572
3557
35589
35591
35600
35604
35608
35615
35621
35622
35627
35637
3563
35642
35643
35663
35664
35673
35700
35703
35712
35714
35732
35754
35757
35791
35796
35798
35800
35809
35823
35829
35832
35838
3586
35894
35914
35938
35956
35962
35963
3597
36015
36029
36030
36031
36048
36067
36073
36076
36094
36095
36122
36126
36137
36154
36183
36184
36211
36216
36219
36227
3623
36255
36261
36279
3627
36283
36290
36308
3631
36320
36345
36354
36355
36360
36367
36384
36385
36388
36390
36415
36424
36427
36436
36458
36490
36494
36502
36507
36515
36516
36526
36545
36566
36575
36590
36607
3661
36637
36657
3665
36660
3666
36670
36687
36702
36703
36739
3674
36761
36771
36780
36784
36790
367
36820
36821
36843
36869
36890
36907
36910
36917
36950
36964
36965
36978
36985
36989
36992
37015
37060
37077
37095
37115
37123
37127
37129
3712
37146
37148
37151
37170
37175
37202
37214
37257
37264
37274
37291
37296
37298
37310
37317
37323
37340
37363
37365
37392
37399
37437
37452
37463
37466
37480
37486
37492
37493
37501
37524
37536
37553
37568
37619
37620
37636
37640
37647
3767
37680
37681
37688
37720
37723
37726
37737
37741
37748
37759
3776
37800
37843
37857
3785
37864
37888
37893
3789
37908
3790
37913
37914
37923
37931
37951
37959
37991
37994
38004
38070
38074
38080
38091
3809
38100
38137
38161
38163
38211
38218
38232
38234
38274
38275
38287
38303
38310
38318
3831
38332
38346
38350
38372
38394
38398
38432
38447
38449
38452
38459
38463
38466
38475
38477
38505
38508
38520
38528
38555
38561
38562
38565
38577
38602
38624
38629
3862
38641
38643
38652
38656
3865
38670
38676
38677
38696
38709
38725
3875
38768
38774
38784
38785
38810
3881
38823
38825
38838
38848
38859
3887
38893
38919
38933
38939
38946
38951
38954
38962
38972
38977
38981
38985
38997
3900
39026
39033
39071
39079
3907
39081
39097
39100
39105
39112
39114
39135
39184
39209
39216
39225
39251
39262
3926
39287
39288
39293
39373
39386
39402
39412
39425
39428
39447
39450
39461
39464
39523
39527
39569
39603
39604
39613
39620
39645
3964
39655
3965
39661
39662
39669
39676
39693
39699
39701
3975
39776
39791
39795
39804
39811
39813
39817
39826
39836
3983
39845
39852
39861
39898
39902
39903
39910
39918
39926
39934
39940
39943
39961
39990
39995
40029
40046
40063
40085
40091
40096
40103
40104
40107
40138
4013
40141
40146
40157
40180
40203
40223
40236
40238
40250
40262
40268
4026
40282
40297
4029
402
40301
40310
4031
40336
40358
40359
40362
40366
40374
40379
40393
40409
40424
40425
40430
40432
40441
40450
40451
40453
4045
40462
40495
40509
40518
40528
4052
40559
4058
40596
40606
40607
40612
40618
40663
40681
40692
40693
40702
40734
40753
40760
40763
40766
40776
40778
40785
40805
40813
40819
40846
40847
4084
40855
40857
40862
40892
40939
40943
40946
40947
4095
40962
40975
41006
41025
41028
41029
41030
41034
41056
41075
41078
41086
41093
4112
41159
41169
41192
41212
41213
41225
41252
41261
41264
4126
41298
41301
41303
41304
41311
41318
41329
41348
41357
41391
41414
41418
41422
41429
4142
41439
41448
41453
41494
41495
41497
41501
41502
41504
41530
41532
41536
41574
41593
41599
41610
41611
41613
41620
41625
41629
41656
41668
41676
41699
41735
41782
41787
41806
41818
41829
41830
41841
41886
41887
41893
41898
41904
4191
41933
41975
4206
42091
42093
42095
42138
42143
42153
42159
4215
42178
42181
42215
42221
42224
42226
4222
42236
42251
42259
4225
42264
42310
42311
42317
42323
42325
42328
42346
42349
42359
42365
42398
423
42437
42445
42481
42485
4248
42494
424
42500
42509
42552
42571
42577
42582
42585
42586
4259
42613
42617
42648
42649
42663
42665
42673
42695
42706
42721
42725
42772
42803
42814
42822
42831
42834
42847
42885
42909
42915
42919
42938
42954
42959
42966
42969
42971
42980
42982
42990
42995
42
43006
43010
43011
43019
43025
43031
4305
43079
43083
43084
43086
43094
43098
43100
43126
43127
43129
43132
43146
43156
43157
43179
43209
43212
43223
43233
43251
43252
43265
43270
43271
43286
432
43374
43377
43400
43404
43405
43413
43415
43446
43457
4345
43460
43461
4347
43502
43505
43506
43507
43513
43519
43533
43544
43582
43588
43590
43592
43593
43610
43633
43650
43658
43668
43690
43691
43700
43712
43715
43717
4371
43729
4372
43759
43763
43768
43771
43775
43798
43812
43825
43831
43865
43879
43890
43899
43916
43941
43949
4394
43956
43963
43974
43983
43995
44014
44034
44045
44047
44048
44051
44067
44069
44076
44095
44110
44140
4414
44162
44163
44173
44206
44222
44243
44270
44271
44289
44366
44378
44382
44398
443
44408
44417
44424
44441
44461
44472
44476
4447
44497
44503
44521
44535
44536
44550
44568
44571
44583
44590
44608
44612
44615
44629
44633
44650
44652
44664
44672
44682
44716
44722
44724
44727
44728
4474
44757
44764
44774
44795
44812
44816
44835
44843
44850
44852
44865
44891
44894
44899
44913
44946
44948
44981
44985
4499
45003
45006
4501
45023
45047
45055
45069
45089
45097
45112
45139
45150
45151
45169
45182
45186
451
45202
45206
45218
45230
45251
45264
45269
45270
45271
45276
45277
45291
45295
45300
45304
45324
45343
45368
45394
45421
45424
45425
4542
45445
4544
45468
45498
4550
45527
4552
45579
45583
455
45602
45603
45610
45622
45656
45660
45683
45691
45709
4570
45713
45725
45733
45761
45763
45765
45784
45788
45804
4580
45816
4583
45857
45896
45898
458
45907
45908
45931
45940
45951
45954
45957
45967
45972
45974
45975
45981
45985
4599
46009
46010
46013
46016
46034
46040
46043
46045
46046
46047
46076
46086
46092
46106
46113
46175
46190
46206
46207
46210
46227
46230
46233
46246
46250
4626
46307
46314
4632
46372
46388
463
46406
46408
46409
46417
46419
46426
46461
46468
46481
46487
46523
46533
46535
4653
46561
46582
46594
46626
46643
46668
46670
46676
46684
4670
46734
46748
46755
46760
4676
46779
46812
46816
46822
46846
46857
46866
46871
46918
46919
46924
46972
46974
47006
47043
47045
47056
4705
47073
47103
47110
47115
47143
47178
47181
47182
47185
47214
47223
47246
47275
47287
47296
4730
47360
47382
47394
47396
47403
4742
47438
47442
47461
47469
47474
4748
47500
47517
47523
47524
47543
47573
47581
47586
47606
47607
47616
47627
47628
47642
47660
47669
47677
47680
47683
4768
47693
476
47712
47716
47735
47745
47763
47775
477
47819
47841
47853
47857
4789
47912
47930
47954
47985
47996
48000
48005
48020
48041
48043
48065
48068
48069
48076
4807
48086
48087
48091
48108
48129
48130
48140
48145
48154
4815
48169
48197
48208
48211
48214
48215
48226
48229
48231
48233
48234
48249
48257
48267
4826
48277
48282
48287
48288
48297
48301
48302
4830
48310
48319
48327
48341
48345
48346
48366
48373
48378
48391
48408
48415
48417
48421
48440
48464
48467
48471
48476
48484
48508
48548
48572
48574
48580
48583
48597
48601
48612
48617
4861
48626
48653
48655
48659
48661
48662
48687
48711
48712
48715
48734
48736
48747
48779
48781
48786
48806
48814
48827
48841
48860
48877
48898
48904
48905
48926
48933
4895
48979
48
49022
49023
49033
49085
49090
49096
49113
49125
49128
49182
49206
49212
49219
49233
49239
49244
49250
49252
49267
49285
49297
49306
49322
49330
49336
49337
49339
49359
49365
49368
49379
49391
49396
49406
49425
49436
49446
49460
49468
49477
49512
49520
49528
49532
49542
49555
4956
49603
49612
49623
49627
49652
49656
49657
49676
49679
49683
49694
49741
49751
49782
4978
49799
49811
49815
4981
49828
49847
49858
49867
49883
49888
49903
49904
49908
49909
4991
49921
4992
49981
49982
49989
50008
50018
5002
50033
50061
50074
50096
50101
50146
50155
50171
50179
50180
50182
50186
5018
50198
50204
50236
50249
50260
50271
50302
50343
50365
50377
50390
50392
50396
50397
50411
50413
50443
50471
50475
50517
50520
50558
50561
50590
50606
50613
50637
50638
50643
50703
50734
50747
50762
50767
5077
50782
50789
50799
50814
50817
5084
50859
50863
50865
5086
50870
50872
50879
50897
50913
50920
50970
50973
50980
50982
50996
51022
51026
51029
51041
51062
51064
51066
51068
51075
5107
51089
51136
51149
51152
51173
51189
51194
51209
51215
51225
51227
51234
51240
51263
51272
51273
51294
51334
51337
51344
51346
51368
51375
51376
5138
51396
51397
51398
51404
51415
5141
5143
51445
51447
51450
51454
51456
51463
51465
51470
51489
51493
51508
51511
51520
51522
51543
5154
51557
51560
51582
51586
51598
51601
51621
51645
51670
51681
51697
51699
51701
51723
5173
51756
51769
51781
51793
51794
51800
51811
51831
5186
51881
51910
51913
51918
51925
51941
51972
51973
51993
52004
52032
52040
52058
52062
52070
52084
52086
52094
52095
52105
52109
52122
52123
52147
52153
52164
5217
52182
5218
52191
52216
52221
52230
52245
52246
52262
52265
5226
52279
52295
522
52302
52310
52321
52322
52327
5232
52336
5233
52346
5234
52350
52354
52377
52418
52428
5243
52443
52449
52474
52479
52488
52518
52529
52537
52538
52560
52566
52568
52583
52584
52625
52664
5266
52687
52689
52694
52696
52710
52715
52716
52722
52732
52736
5273
52740
52743
52747
5274
52754
52758
52759
52762
52766
5276
52789
52792
52798
52816
52857
52868
52873
52895
52919
5291
5292
52935
52961
52967
52970
52982
52997
5299
53029
53041
5308
53091
53104
53108
53115
53129
53143
53151
53152
53160
53172
53191
53200
53206
53208
53226
5324
5325
53283
5328
5329
53309
53322
53330
53346
53352
53361
53362
53363
53368
53385
5340
53431
53477
53481
53506
53513
53522
53527
53533
53545
53549
53550
53552
53556
5356
53596
53597
53610
53624
53637
53656
53683
53707
53718
53724
53741
53763
53764
5376
53771
53777
53785
53795
53809
53810
53836
53839
53849
53865
53916
53942
53945
53959
53971
53998
5399
539
54003
54037
54064
54066
54125
54129
54143
54144
54146
5414
54153
54175
54203
54207
54209
54236
54243
54261
54262
54264
54268
54280
54282
54285
54290
54293
54329
54336
54341
5435
54393
54401
54402
54410
54414
54418
54429
5442
54432
54433
5443
54472
54495
54498
54522
54539
54590
54603
54614
54625
54655
54662
54691
546
54715
54722
54752
54754
54756
54760
5476
54783
54788
54805
54808
54810
54818
54819
54845
54863
54866
54871
5490
54913
54914
54933
54948
54949
54961
54964
54966
54980
54994
55014
55028
55029
55036
55049
55053
55061
55068
55070
55071
55085
55111
55114
55120
55137
5514
55174
55184
55185
55211
55216
55228
55255
55264
55265
55266
55269
5526
55285
55288
55290
5529
55313
55319
55341
55351
55355
55370
55392
55407
5541
55424
55464
5547
55505
55512
55524
55534
55572
55577
55627
55635
55654
55659
55662
5566
55681
55682
55695
55698
55708
55717
55736
55771
55781
55782
55789
55795
55799
5579
55800
55825
55833
55873
55883
55902
55915
55916
55921
55927
5592
55948
5595
55961
55967
55978
55984
56005
56008
56014
56044
56051
56059
56079
56082
56094
56098
56105
56114
56118
5612
56139
56155
56156
56158
56180
56194
56208
56222
5622
56232
56239
56241
56254
56271
56280
56282
56292
56311
56366
56373
56397
56399
5641
56427
56433
56442
56448
56452
56456
56457
5646
56480
5648
56490
56492
56502
5651
56528
56530
56533
56541
56552
56566
56573
56580
56583
565
56603
56606
56620
56626
56628
56631
56637
56664
56665
56679
56714
56715
56721
56727
5675
56766
56787
56803
56810
56819
56835
56842
56887
56891
56927
56934
56938
56941
56958
57000
5701
57020
57028
57032
57066
57072
57092
57146
5714
57181
57183
57190
57218
57221
57229
57261
5726
57294
57319
5733
57342
57386
57387
57391
57406
57432
57435
57455
5745
57467
57470
57485
5748
574
57507
5750
5753
57565
57569
57575
57577
57586
57594
57597
57619
57633
57640
57665
57677
57678
57693
57699
57719
57733
57744
57745
57746
57757
57762
57783
57797
577
57801
57811
57817
57839
57845
57850
57851
57864
57873
57876
57887
57890
57905
57911
57917
57921
57922
57924
5794
58018
58026
58035
58037
58045
58048
58057
58059
58085
58092
5809
58144
58147
5814
58168
58193
58202
58204
58214
58222
58240
58246
58253
58255
58261
58262
58268
58272
58275
58276
5827
58280
58285
58292
58306
58327
58330
5834
58352
58371
58378
58379
58384
58401
5842
58432
58455
58467
58470
58478
58480
58497
58514
58532
5853
58544
58546
58561
58567
58576
58595
58596
58605
58611
58613
58620
58628
58629
58638
58640
58650
58669
58675
58677
58687
58695
5870
58722
58726
58730
58736
58738
58743
58759
58762
58763
58764
58766
58773
58779
58807
58827
58832
58837
58840
58848
58864
58880
58897
58923
58926
58955
58974
59008
59015
59018
59029
59050
59060
59063
59068
59069
59094
59100
59112
59133
59141
59156
59162
59165
59167
5917
59199
59206
59207
59210
59214
59219
59220
59234
59237
59246
59247
5925
59260
59276
59281
59282
59288
59302
59319
59329
59333
59338
59343
59389
59410
59451
59461
59467
5947
59489
59490
59496
59502
59508
59509
59511
59518
5951
59520
59527
59531
59559
59561
59562
59569
59580
59585
59591
59596
59612
59637
59651
59654
59655
59664
59667
59675
5967
59689
59698
59711
59741
59746
59747
59758
59762
5979
59802
59825
5983
59842
59847
59864
59867
5986
59870
59874
59883
59888
5988
59903
59906
59911
5991
59920
59929
59934
59944
59951
59953
59954
59958
59963
59997
599
60008
60011
60031
60035
60070
60077
60087
60092
60093
6009
60116
60117
60120
60139
60141
60154
60180
6018
60194
6019
60222
60233
60239
60240
60264
60266
60276
60281
60289
60311
60316
60335
60357
60358
6035
60386
60390
60392
60409
60432
60456
60467
60486
6049
60504
60516
6051
60531
60543
60547
60549
60554
6058
60596
60599
60618
60628
60635
60675
60690
60717
60726
60769
60775
60776
60788
60799
60823
60893
60907
60909
60911
60945
60950
60953
60964
60970
60974
60977
60987
60994
60998
61004
61043
61056
6105
61079
61081
6109
61108
61126
61137
61154
61164
61168
6117
61192
61194
61208
61218
61219
61224
6126
61271
61296
61310
61319
61335
61343
61344
61346
61354
61359
61365
61368
61370
61400
61415
61467
61468
61473
61487
61490
61492
61502
61504
61510
61534
61535
61549
61561
61567
61574
61580
61615
61620
61624
61635
61638
61641
61651
61667
61668
6167
61681
61685
61693
61717
61723
61726
61729
61740
61753
61766
61776
61797
61798
61813
61817
61821
61830
6183
61854
61920
61936
61939
61954
61963
61970
61986
62017
62021
62056
62065
62075
62108
62111
62137
62146
62166
62170
62189
621
62273
62277
62301
62314
62317
62326
62331
62378
62385
62396
62398
62415
62433
62474
62520
62525
6257
62585
62609
62705
62706
62717
6271
62721
62754
62755
62762
62800
62804
62809
62815
62817
62822
62843
62866
62907
62911
62922
62940
62960
62975
63009
63015
63028
63055
63061
63068
63071
63074
63077
63099
63110
63115
63127
63132
63142
63152
63167
63174
63184
63189
63219
63224
63227
63230
63242
63243
63249
63253
63260
63262
63272
63280
63294
63307
63320
63326
63330
63332
63334
63355
6335
63374
63385
6339
63405
63406
63410
63413
63433
63443
63457
6345
63494
63499
6349
63505
63509
63515
63523
63545
63557
6358
63590
63591
63629
63634
6363
6364
63655
63676
63680
63700
63723
63746
63751
63752
63755
63770
63779
63780
63783
63798
63808
63820
63826
63843
63845
63868
63874
63875
63878
63892
63894
63919
63934
63953
63961
63964
63972
63984
63988
63989
64012
6401
6402
64041
64058
64064
64110
64112
64130
64134
64141
64146
64147
64173
6417
64204
64207
64210
64216
64218
64219
64225
64242
64243
64259
64276
64282
64289
64294
64308
64337
64340
64341
64345
64351
64357
64380
64384
64388
64392
64393
64424
6442
64432
64447
64451
64455
64456
64458
64470
64472
64475
64496
64502
64528
64534
64553
64592
64616
64634
64654
64674
64684
6469
64738
6473
64748
64756
64758
6479
64806
6480
64814
64815
64818
64829
64845
64859
64867
64869
64870
64874
64877
6488
6490
6492
64934
64939
64948
64976
65010
65055
6505
65066
65089
65091
65094
65106
65120
65148
65164
65182
65205
65206
65212
65217
65220
65224
65230
65235
65238
6524
65250
65252
6527
65310
65336
65338
65341
65348
65355
65356
65389
65424
65432
65433
65441
65454
65457
65472
65501
65502
65507
65517
65523
65526
65547
65551
65552
65586
65605
65607
65639
65651
65689
65719
65721
65726
65731
65741
65753
65754
65761
65774
65778
65781
65784
65788
65796
65816
65843
65849
65854
65882
65894
65932
65935
65940
65960
65963
6598
65994
659
66009
6600
66026
66037
66041
66047
66051
66054
66057
66073
66098
66101
6611
66127
66141
66147
66148
66153
66167
66170
66181
66193
66215
66220
66232
66235
66243
66270
66336
66349
66351
66353
66354
66363
66373
6637
66393
663
66409
66430
66431
66439
66441
66447
66453
66475
66483
66501
66512
66513
66516
66542
66545
66552
66556
66563
66564
66570
66572
6657
66584
66587
66597
66624
66643
66648
66667
6666
66670
66672
66676
66679
66682
66690
66693
66695
66702
66709
66725
66734
66756
66759
66775
66779
66784
66792
66798
66802
66803
66818
66826
66839
66876
66885
6689
66909
66924
66934
66950
66973
66978
66984
66992
67002
67009
67014
67034
67048
67059
67069
67081
67088
67093
67127
67193
67198
6722
67234
6724
67251
67254
67271
67299
67329
67338
67339
67350
67386
67387
6742
67436
6745
67463
67471
67478
67482
67501
67510
67569
67581
67587
67591
67635
67641
6765
67660
67661
67668
6766
67681
67688
67707
67713
67719
67728
67730
67738
6773
67746
67760
67767
67771
67790
67801
67804
6780
67812
67830
67864
67878
67886
67888
6790
67935
67945
67956
67963
67993
68002
68004
68052
68069
68085
68088
6808
68102
68157
68174
68182
6818
68193
68199
6821
68239
68247
68249
68252
68255
68276
68281
6828
68301
68313
6831
68320
68332
68358
68366
6836
68380
68429
68476
68479
68491
68494
6850
68525
68526
6852
68533
68540
68542
68551
68565
68574
68578
68590
68592
6862
68637
68648
68653
68663
68676
68682
68686
68687
68692
68702
68710
68725
6872
68744
68754
68768
68771
68792
68794
68798
68799
68827
68850
68868
68879
68884
68886
6889
68919
68939
6894
68951
68965
68973
68986
68988
6900
69014
69036
69041
69046
69059
69063
69086
69087
69098
6910
69114
69120
69149
69151
69165
6916
69205
69224
69262
69265
69271
69272
69274
69281
69289
69291
69292
69299
692
69302
69323
69331
6934
69350
69360
69384
69399
69420
69443
6945
69464
69479
69501
69511
69528
69541
69547
69549
69567
69578
69585
69639
69650
69675
69689
69703
69711
69733
69746
69749
69773
69803
6981
69820
69848
6984
69861
69872
698
69983
69986
69987
69
70014
70038
7003
70043
70046
70049
70062
70072
70078
70079
70098
7012
70144
70154
70159
70166
70173
70180
70185
70211
70217
70219
70227
7025
70263
70265
70279
70287
70292
70293
70315
70318
70320
70323
70328
70331
70340
70369
70392
703
70413
70415
70418
70441
70462
70466
70479
70536
70542
70556
70560
70565
70588
7059
70603
70624
7063
70641
70646
7065
70667
70691
70709
70739
70741
70760
70776
7077
70787
70798
70823
70870
70878
70880
7088
70895
70906
70907
70936
7094
70959
70981
71002
71028
71040
71041
71058
71064
71108
71110
7111
71126
71140
71147
71165
71185
71189
71191
71193
711
7120
71222
71234
71240
71243
71253
71263
71269
7128
71301
71305
71310
71328
71338
71365
71405
71419
71424
71428
71452
71453
71475
71530
71531
71533
71542
71551
71558
71559
71562
71566
71584
71607
71622
71664
71667
7166
71676
71681
71694
7169
71723
71725
7172
71738
71744
71768
71773
71777
71780
71786
7178
71791
71796
717
71823
71824
71853
71855
71889
71907
71936
71963
71969
71971
71977
71985
71990
72003
72005
72008
72024
72027
72039
72046
72051
72064
72066
72076
72093
72095
72113
72118
72129
72132
72136
72146
72172
72179
7217
72190
72212
72214
72218
7222
72269
72272
72285
7229
72318
7234
72361
72377
72382
72390
72406
72422
7244
7245
72486
72501
72541
72542
72572
72574
72600
7263
72640
72673
72677
72686
72695
72699
72703
72704
72709
72741
72760
72784
72785
72810
72868
72881
72897
72912
72923
72934
72935
72937
72940
72954
72963
72965
72999
73023
73034
73064
73068
73073
73094
73101
7311
73139
73148
73153
73171
73176
73183
73203
73207
7321
73232
73256
73272
73279
73290
73319
73324
73344
73351
73368
7336
73383
73392
73406
73410
73412
73433
73442
73483
73484
73488
73517
73520
73538
73552
73560
73597
7361
73638
73717
73718
73720
7372
7373
73747
73760
7377
73793
73796
73822
73823
73841
73854
73860
73885
73897
73910
73912
73926
73927
73948
73949
7395
73961
73967
73968
7396
73976
73980
7398
73991
74009
74016
7402
74053
7406
7407
74102
74105
74135
74146
74147
74151
74155
74169
74190
741
74200
74225
74230
74234
74242
74253
74258
74259
7425
74273
74279
74292
74303
74309
74325
74338
74347
74348
74352
74353
74356
74360
74361
74362
74371
74373
74401
74424
74431
74436
74440
74459
74464
74479
74492
74495
74496
74502
74505
74511
74512
74531
74566
74577
74586
74604
74609
74618
74619
74627
74641
7464
74659
7465
74667
74671
74676
74694
74699
74704
74706
74720
74725
74734
74737
74742
74744
74750
74763
74770
74790
74794
74809
74829
74839
74842
7484
74881
74884
74913
74914
74935
74947
74953
74957
74969
74971
7500
75010
75026
75032
75034
75049
75058
75069
75085
75086
7509
75109
75110
75123
75131
7515
75164
75171
75174
7518
75244
75247
7525
75266
75283
75287
75290
75299
75318
7531
75332
75337
75350
75356
75377
75385
75395
75398
75406
75415
75423
75434
75466
75469
7549
75504
75541
75562
75580
75581
75610
75612
75616
75639
75657
75680
75697
75718
7573
75765
75772
75778
75783
75793
75806
75811
75814
75826
75832
75838
75841
75847
75852
75856
7585
75875
75885
75895
75898
758
75913
75917
75931
75934
75942
75975
75978
75988
75990
75995
76007
76016
76022
76031
76033
76036
76114
76124
76125
76142
76152
76166
76180
76200
7620
76213
76216
76224
76225
76227
7623
76275
76288
76291
76297
7629
762
76333
76341
76347
76358
76372
76375
76386
76395
76398
76400
76408
76416
76417
76421
76426
76436
76445
76485
76504
76527
76541
76549
76558
76567
76570
76583
76593
76599
76601
76615
76623
76624
76633
76643
7666
76674
76709
76710
76729
76747
76754
76759
76769
76817
76820
76823
76827
76838
76850
76855
76856
76860
76882
76886
76895
76912
76915
7692
76957
77021
77034
77062
77072
77088
7708
77098
7709
77106
77112
7711
77142
77154
77185
7719
77208
77211
77234
77237
77240
77245
7728
77309
77311
77319
77372
77374
77432
77454
7747
7749
77508
77510
77518
77526
77565
77568
77597
77623
77650
7765
77687
77688
77698
77708
77722
77724
77730
77747
77785
77811
77816
77824
77825
77837
77862
77878
778
77906
77925
77936
77963
77991
7799
78005
78007
78020
78027
7803
78044
78052
78064
78081
78105
78111
78114
78120
78174
78178
78183
78191
7819
78204
78205
78227
78229
7824
78255
78257
78264
78265
78266
78268
78290
78329
78337
78339
78345
78375
78382
78396
78416
78457
78468
78476
78515
78520
78523
78527
78530
78559
78584
78588
78596
78606
78614
78617
78644
78650
78673
78688
78719
78760
78768
78773
78782
78785
78786
78787
78807
78835
7886
78870
78878
78879
78900
7890
78914
78927
78935
78936
78946
78952
78959
78969
78970
78975
78979
78996
79006
7901
79034
79053
79054
79068
7906
79080
79081
79116
79121
7912
79142
7916
79172
79174
79216
79221
79248
79249
79271
79285
79298
7929
79302
79312
79313
7932
79342
79348
79360
79376
79379
79382
79423
79436
7944
79451
79475
7947
7949
79518
79529
79544
79562
79583
79589
7959
79606
79610
79626
79631
7965
79673
79677
79698
79715
79742
79747
79758
79769
79775
79790
79801
7980
79839
79845
79852
79859
79867
79878
79885
79908
79927
79950
79963
79973
79978
80024
80025
80053
80057
80076
80077
8009
80101
80103
80122
80133
80173
80185
80196
80197
80205
80206
80207
80209
80210
80230
80231
80237
80253
80261
80263
80267
80290
80313
80314
80317
80323
80335
80352
80361
8038
80399
80428
80435
80465
8046
80499
80513
80517
80520
80531
80534
80574
80579
80585
80593
80619
80651
80708
80717
8073
80754
80796
80802
80856
80858
80865
80866
80869
80901
80923
80933
80934
80942
80944
80962
80963
80973
80978
80987
80988
80989
80993
81005
81014
81024
81055
81066
81080
81095
81106
81135
81137
8114
81152
81190
81204
81234
81236
8124
81269
81275
81290
81307
81315
81316
81328
81352
81372
81378
81383
81384
81396
81408
81432
81436
81440
81445
81465
81468
81479
81484
81495
81505
81510
81521
81545
81551
81553
81591
81592
81603
8160
81629
81644
81656
8165
81661
81662
81695
81716
81730
81755
81759
81762
81765
81777
81783
81789
817
81820
81827
81831
81832
81842
8184
81864
81866
81881
81901
8190
81912
81939
81948
81963
81972
81977
81979
81
82014
82026
82039
82061
82095
82103
82138
82185
8218
82223
8223
82265
82291
82292
8234
82350
82351
82359
82385
82405
82408
82448
8244
82453
82465
82477
82482
8253
82540
82555
8257
82607
82640
82658
82686
8269
826
82729
8272
82731
82735
82770
82823
82826
82847
82855
82865
82875
8287
82883
82892
82913
82923
82960
82961
82970
82984
83032
83047
83061
83071
83085
8308
83098
830
83102
8314
83151
83160
83193
831
83204
83211
83232
83259
83291
832
83322
83333
83340
83345
83373
83380
83381
83415
83431
83456
83468
83471
83475
83478
83490
83502
83506
83510
83522
83544
83545
83547
83561
83564
8358
83597
83604
83611
83621
83635
83643
83683
83702
83737
83753
83760
83789
8380
83815
83820
83855
83856
83865
83866
8386
83877
83893
83897
838
83900
83911
83912
8391
83920
83928
83936
83955
8395
83960
83981
84008
84014
84034
84074
84081
84094
84111
84122
8412
84139
84142
84152
84162
84174
84186
84191
84201
84206
84219
84238
84239
84265
84283
84285
84336
84348
84353
84370
84391
84400
84410
84420
84425
84436
84445
84457
84468
84480
84513
84517
84523
84526
84534
8453
84546
8454
84577
84606
84630
84632
84636
84637
84639
84646
8464
84651
84657
84662
84694
84702
84712
84715
84725
84728
84733
84755
84758
84762
84764
84780
84795
84821
84846
84898
84902
84906
84919
84923
84924
8492
84935
84942
84946
84947
84971
85007
85055
85062
85065
85066
85087
85108
85139
8515
85164
85167
85184
85187
85198
8519
85213
85214
8521
85222
85225
8522
85254
85265
85267
85276
85285
85313
85314
8532
85336
85353
85389
85413
85424
85426
85437
85444
85450
85464
85479
85484
85495
85502
85517
85531
85534
85537
85543
85556
85574
85581
85605
85612
85657
85665
85687
85689
85698
85707
8570
85726
85765
8578
8579
85810
85814
85816
85834
85838
85843
85848
85853
85856
85868
8586
85873
85880
85889
858
85903
85904
85925
85940
85946
8595
85962
85982
85
86025
86036
86037
86047
86073
86083
86093
86126
86142
86171
86172
86204
86226
86237
86240
86242
86244
86253
86262
86276
86288
86316
86343
86352
86367
86371
86381
86383
86389
8639
86405
86413
8643
86452
86465
86494
86528
86552
86581
86582
86586
86604
86606
86609
86632
86646
86672
86676
86686
86688
866
86709
86718
86725
86729
86748
86752
86773
86803
86810
86829
8682
86834
86835
86843
86861
86863
86867
86876
86878
86883
86913
86915
86922
86934
86950
86957
86959
86960
86965
86975
8700
87015
87021
87022
87038
87042
87066
87075
87107
87135
87139
8713
87149
87170
87178
87189
87214
87219
87221
87222
8725
87266
87269
87270
87280
87325
87364
87370
87372
87373
87376
87380
87389
87391
87394
87406
87427
87435
87448
87449
87452
87456
87458
87463
87479
87483
87492
8750
87558
8755
87576
87600
87615
87622
87656
87663
87664
8767
87694
87729
87733
87740
87746
87757
87767
87776
87786
87823
87828
8782
87833
87835
87849
87853
87863
87865
87869
87875
87879
87888
87902
8790
87913
87915
87923
87973
87983
87985
87991
87997
879
88006
88013
88014
88016
8801
88026
88048
88062
88065
88067
8807
8809
88115
88142
88162
88163
88164
88178
88197
88220
88225
88226
88231
88240
88241
88245
88258
88281
88283
8828
88296
88303
88305
88316
88322
88330
88337
88338
88343
88346
88380
88381
88382
88383
88419
8842
88431
88444
88457
88460
8846
88512
88513
88559
88574
885
88607
88616
88627
88640
88660
88661
88667
88679
88686
88691
88702
88704
88712
88726
88737
88758
88765
8877
88780
88787
88790
88796
88810
8882
88839
88856
88881
88884
88889
88904
88913
8891
88926
88938
88943
88957
88964
88967
88971
88975
88988
89008
89027
8904
89051
89062
89063
89065
89085
89094
8911
89154
89157
89159
89167
89169
89170
89184
89191
89200
89224
89230
89233
89238
89244
89252
89256
89259
89267
89273
89283
89287
89290
89305
89328
89339
89350
89356
89368
89395
8941
89423
89455
89457
89477
8949
89513
89521
89524
89541
89542
89581
8959
89610
89629
8965
89678
89685
89694
89704
89705
89708
89710
89716
89726
89734
89750
89754
89761
89791
89798
89800
89820
89822
89844
89859
89873
89876
89879
89892
89894
8989
89903
89945
89978
89980
89996
8
90005
90008
90019
90021
90030
90043
90053
90062
90077
90101
90115
90124
90127
90133
90149
90183
901
90202
90218
90230
90231
90240
90241
9025
90288
90289
9028
90309
90312
90328
90335
90340
90341
90342
90346
90354
90395
90396
90397
9039
90401
90409
90439
90443
9045
90466
9047
90482
90486
90490
90508
9050
90513
90522
90524
9053
90544
90545
90549
90561
90571
90579
90586
90590
90609
90619
90639
90644
9064
90684
90685
90688
90697
90700
90711
90720
90727
90739
90751
90754
90758
90764
90769
90784
90799
9081
90844
9084
9086
9088
90891
90899
9091
90926
90945
90970
91005
9100
91016
91019
91077
91087
91111
91119
91121
9112
91143
91147
91154
91161
91168
91177
91186
91191
91194
91220
91227
91253
91256
91262
91290
91313
91321
9132
91368
91382
91383
91392
91401
91414
91415
91421
9145
91475
91477
91478
91480
91484
9148
91501
91519
91529
91535
91568
91579
91582
91595
91596
91603
91611
91622
91623
91658
9165
91668
91679
91705
91709
91710
91723
91725
91738
91742
91753
91756
91764
91773
91777
91778
91798
91803
91837
91841
91874
91875
91879
918
91905
91909
9190
91910
91914
9191
91927
91937
91963
91970
91971
91977
91980
91999
91
92009
92016
92033
92055
92076
92089
92104
92114
92119
92122
92132
9214
92161
92180
92194
92195
92196
92198
92221
92223
92227
92251
92254
92261
92270
92274
92285
92299
92311
92313
92321
92325
92330
92339
92388
92410
92418
92439
92445
92459
92474
92476
92497
92498
9249
92528
92542
9255
92561
92577
92584
92610
92611
92616
9261
92628
92637
92647
92648
92649
92662
92697
92705
9271
92729
9273
92741
92747
92754
92757
92768
92798
92828
9282
92842
92846
9287
92888
9288
92891
92897
92900
92922
92941
92952
92957
92982
9298
92991
92996
9299
93003
93050
93053
93084
93130
93132
93135
93136
93137
93138
93143
93169
9317
93181
9319
93208
93212
93214
93226
93244
93247
93252
93266
93312
93317
9331
93338
93346
93365
93396
9339
93401
93406
93437
93458
93470
93474
93483
93496
93499
93503
9350
93531
93532
93543
93545
93546
93562
93571
93577
93593
93612
93613
93616
93644
93664
93686
93695
93714
93718
93723
93751
9377
93784
93822
93836
93842
93861
93890
93897
93898
93901
93902
93920
93923
93925
93926
93928
93933
93934
93952
93958
93969
93987
94012
94020
94025
94068
94071
94090
94092
94096
9410
94112
94113
94131
94170
94186
94188
94211
94214
94223
94235
94245
94264
94273
94285
9428
94291
94292
9430
94316
94321
94324
94371
94376
94378
94385
943
94424
94425
94464
94488
94511
94531
94533
94541
94559
94619
94632
94637
94675
9467
94719
9471
94723
94745
94750
94796
94797
94806
94807
94819
9481
94836
94850
94911
9491
94933
94937
94985
95013
95063
95066
95074
95078
95084
95106
95124
95131
95136
95157
95174
95193
95202
95230
95234
95250
95253
95286
95297
9529
95301
95310
95323
95364
95380
95417
95471
95477
95491
95519
95532
95542
95558
95560
95567
95575
95589
95595
9561
95621
95629
95637
95645
95650
95656
95672
95674
95697
95746
9576
9577
95789
95806
95827
95829
95835
95857
95874
95875
95893
95898
95915
9591
9592
95931
95950
95956
95961
95970
95998
96006
96008
96013
96045
96048
96076
960
96115
96120
96138
96161
96178
96184
96191
96192
96199
9620
96213
96221
96225
96240
96242
96244
96245
96253
96268
96293
96308
9630
96322
96330
96362
96395
96400
96423
96431
96449
9645
9646
96476
96518
96526
96530
96535
96547
96573
96586
96595
96596
96604
96626
96641
96648
9664
96654
96670
96672
96687
96692
96707
9670
96717
96722
96728
96741
96756
96765
96771
96779
9677
96789
96812
96816
96846
96881
96917
96922
96927
96928
96940
96972
96976
96981
96984
96986
97002
97010
97014
97018
97039
9705
97067
97094
97096
97099
97113
97134
97137
9714
97179
97184
97192
97193
971
9720
97232
97244
97246
97253
97255
97258
97273
97277
97285
97289
97296
97303
97310
97325
97332
97360
97362
97380
97387
97390
97394
97410
97414
97415
97416
97431
97449
97456
9746
97497
97512
97513
97516
97521
97538
97572
97584
97585
97595
9759
97603
97608
97618
97627
97645
97655
97666
9767
97682
97720
97741
97744
97746
97774
9778
97795
97818
97830
97852
97856
97904
97913
97915
97924
97930
97947
97948
9794
97950
97961
97967
97978
97991
9800
98023
98046
9805
9806
98070
98090
98101
9810
98110
98111
98122
98148
98154
98159
98165
98166
98168
98175
98194
98196
98201
98203
98204
98208
98231
98256
98265
98268
98277
98291
98294
98298
98344
98346
98363
98364
98426
98431
98441
98453
98458
98464
9846
98470
98504
98515
98516
98524
98528
98529
98531
98541
98546
98558
98560
98567
98570
98573
98574
98583
98595
98614
98625
98630
98636
98638
98648
98679
98723
98725
98737
9875
98768
98770
98779
98788
98802
98821
98823
98837
9886
98874
9892
98
9900
9927
9928
9950
9957
995
996
9979
9986
